AgentState_t	AgentState_x0	AgentState_u0	AgentState_v0	Cost	Debug_Cost
0	0.492215	0	0 	 10.6122	6.7306	
0.1	0.486612	0	0 	 10.057	5.29725	
0.2	0.482965	0	0 	 9.87245	5.99532	
0.3	0.481018	0	0 	 9.69086	7.33963	
0.4	0.480501	0	0 	 9.51165	8.38543	
0.5	0.481244	0	0 	 9.32872	8.59714	
0.6	0.483121	0	0 	 9.14476	8.60468	
0.7	0.486037	0	0 	 8.95791	8.48728	
0.8	0.489915	0	0 	 8.77101	8.9207	
0.9	0.494692	0	0 	 8.57985	9.52514	
1	0.500315	0	0 	 8.38921	9.93699	
1.1	0.506737	0	0 	 8.19956	10.0451	
1.2	0.513917	0	0 	 8.00952	10.0908	
1.3	0.521821	0	0 	 7.81836	9.97405	
1.4	0.530415	0	0 	 7.62843	9.71151	
1.5	0.539672	0	0 	 7.4367	9.78836	
1.6	0.549565	0	0 	 7.24893	10.209	
1.7	0.560071	0	0 	 7.05494	10.5773	
1.8	0.571152	0	0 	 6.86466	10.246	
1.9	0.582728	0	0 	 6.68159	9.7464	
2	0.594756	0	0 	 6.49731	9.43489	
2.1	0.60718	0	0 	 6.31837	9.63955	
2.2	0.619981	0	0 	 6.13392	9.95284	
2.3	0.633104	0	0 	 5.95784	10.4225	
2.4	0.646535	0	0 	 5.78015	10.6122	
2.5	0.660225	0	0 	 5.6095	9.88164	
2.6	0.674176	0	0 	 5.43505	9.75946	
2.7	0.688345	0	0 	 5.26924	9.73597	
2.8	0.702722	0	0 	 5.10331	9.8269	
2.9	0.717269	0	0 	 4.94187	9.92891	
3	0.731993	0	0 	 4.77793	10.1005	
3.1	0.746857	0	0 	 4.62389	10.0968	
3.2	0.761861	0	0 	 4.46769	10.0034	
3.3	0.776972	0	0 	 4.31825	9.97453	
3.4	0.792197	0	0 	 4.16818	9.96455	
3.5	0.807506	0	0 	 4.02453	9.99837	
3.6	0.822907	0	0 	 3.88041	10.042	
3.7	0.838374	0	0 	 3.74247	10.1572	
3.8	0.853917	0	0 	 3.60311	10.0826	
3.9	0.869508	0	0 	 3.47149	10.0329	
4	0.885153	0	0 	 3.33943	9.98623	
4.1	0.900826	0	0 	 3.21355	10.0143	
4.2	0.916541	0	0 	 3.08695	10.0443	
4.3	0.932272	0	0 	 2.96737	10.0834	
4.4	0.948027	0	0 	 2.84778	10.1522	
4.5	0.963786	0	0 	 2.73356	10.0781	
4.6	0.979557	0	0 	 2.61608	10.0585	
4.7	0.995317	0	0 	 2.51219	10.0425	
4.8	1.01108	0	0 	 2.40339	10.0489	
4.9	1.02683	0	0 	 2.30169	10.057	
5	1.04257	0	0 	 2.19977	9.83216	
5.1	1.05828	0	0 	 2.1037	9.87341	
5.2	1.07398	0	0 	 2.00708	9.90035	
5.3	1.08965	0	0 	 1.91643	9.93512	
5.4	1.10529	0	0 	 1.82615	9.97566	
5.5	1.1209	0	0 	 1.74078	9.98732	
5.6	1.13648	0	0 	 1.6558	9.98201	
5.7	1.15202	0	0 	 1.57575	9.97124	
5.8	1.16752	0	0 	 1.4969	9.95771	
5.9	1.18297	0	0 	 1.42171	9.94332	
6	1.19839	0	0 	 1.34825	9.9271	
0 	 0 	 0 	 0 	 0 	 9.91457	
0 	 0 	 0 	 0 	 0 	 9.90399	
0 	 0 	 0 	 0 	 0 	 9.89526	
0 	 0 	 0 	 0 	 0 	 9.88896	
0 	 0 	 0 	 0 	 0 	 9.88419	
0 	 0 	 0 	 0 	 0 	 9.87998	
0 	 0 	 0 	 0 	 0 	 9.87657	
0 	 0 	 0 	 0 	 0 	 9.87588	
0 	 0 	 0 	 0 	 0 	 9.87359	
0 	 0 	 0 	 0 	 0 	 9.86939	
0 	 0 	 0 	 0 	 0 	 9.87027	
0 	 0 	 0 	 0 	 0 	 9.87043	
0 	 0 	 0 	 0 	 0 	 9.87302	
0 	 0 	 0 	 0 	 0 	 9.87245	
0 	 0 	 0 	 0 	 0 	 9.62904	
0 	 0 	 0 	 0 	 0 	 9.61162	
0 	 0 	 0 	 0 	 0 	 9.6225	
0 	 0 	 0 	 0 	 0 	 9.63866	
0 	 0 	 0 	 0 	 0 	 9.65444	
0 	 0 	 0 	 0 	 0 	 9.67011	
0 	 0 	 0 	 0 	 0 	 9.6755	
0 	 0 	 0 	 0 	 0 	 9.67826	
0 	 0 	 0 	 0 	 0 	 9.68404	
0 	 0 	 0 	 0 	 0 	 9.68734	
0 	 0 	 0 	 0 	 0 	 9.68838	
0 	 0 	 0 	 0 	 0 	 9.69026	
0 	 0 	 0 	 0 	 0 	 9.68815	
0 	 0 	 0 	 0 	 0 	 9.68829	
0 	 0 	 0 	 0 	 0 	 9.68965	
0 	 0 	 0 	 0 	 0 	 9.69031	
0 	 0 	 0 	 0 	 0 	 9.69117	
0 	 0 	 0 	 0 	 0 	 9.69234	
0 	 0 	 0 	 0 	 0 	 9.69272	
0 	 0 	 0 	 0 	 0 	 9.69328	
0 	 0 	 0 	 0 	 0 	 9.69285	
0 	 0 	 0 	 0 	 0 	 9.69104	
0 	 0 	 0 	 0 	 0 	 9.6915	
0 	 0 	 0 	 0 	 0 	 9.69062	
0 	 0 	 0 	 0 	 0 	 9.69086	
0 	 0 	 0 	 0 	 0 	 9.44152	
0 	 0 	 0 	 0 	 0 	 9.43006	
0 	 0 	 0 	 0 	 0 	 9.44364	
0 	 0 	 0 	 0 	 0 	 9.45975	
0 	 0 	 0 	 0 	 0 	 9.47556	
0 	 0 	 0 	 0 	 0 	 9.48792	
0 	 0 	 0 	 0 	 0 	 9.49577	
0 	 0 	 0 	 0 	 0 	 9.50001	
0 	 0 	 0 	 0 	 0 	 9.50249	
0 	 0 	 0 	 0 	 0 	 9.50345	
0 	 0 	 0 	 0 	 0 	 9.50572	
0 	 0 	 0 	 0 	 0 	 9.5069	
0 	 0 	 0 	 0 	 0 	 9.5078	
0 	 0 	 0 	 0 	 0 	 9.50849	
0 	 0 	 0 	 0 	 0 	 9.50966	
0 	 0 	 0 	 0 	 0 	 9.50872	
0 	 0 	 0 	 0 	 0 	 9.50827	
0 	 0 	 0 	 0 	 0 	 9.50829	
0 	 0 	 0 	 0 	 0 	 9.50852	
0 	 0 	 0 	 0 	 0 	 9.50904	
0 	 0 	 0 	 0 	 0 	 9.51068	
0 	 0 	 0 	 0 	 0 	 9.51203	
0 	 0 	 0 	 0 	 0 	 9.51157	
0 	 0 	 0 	 0 	 0 	 9.51204	
0 	 0 	 0 	 0 	 0 	 9.51165	
0 	 0 	 0 	 0 	 0 	 9.26195	
0 	 0 	 0 	 0 	 0 	 9.24909	
0 	 0 	 0 	 0 	 0 	 9.26361	
0 	 0 	 0 	 0 	 0 	 9.28092	
0 	 0 	 0 	 0 	 0 	 9.2987	
0 	 0 	 0 	 0 	 0 	 9.30874	
0 	 0 	 0 	 0 	 0 	 9.31554	
0 	 0 	 0 	 0 	 0 	 9.31897	
0 	 0 	 0 	 0 	 0 	 9.32106	
0 	 0 	 0 	 0 	 0 	 9.32371	
0 	 0 	 0 	 0 	 0 	 9.32564	
0 	 0 	 0 	 0 	 0 	 9.3268	
0 	 0 	 0 	 0 	 0 	 9.32681	
0 	 0 	 0 	 0 	 0 	 9.32812	
0 	 0 	 0 	 0 	 0 	 9.32844	
0 	 0 	 0 	 0 	 0 	 9.32815	
0 	 0 	 0 	 0 	 0 	 9.32752	
0 	 0 	 0 	 0 	 0 	 9.32706	
0 	 0 	 0 	 0 	 0 	 9.32752	
0 	 0 	 0 	 0 	 0 	 9.32593	
0 	 0 	 0 	 0 	 0 	 9.32693	
0 	 0 	 0 	 0 	 0 	 9.3279	
0 	 0 	 0 	 0 	 0 	 9.32827	
0 	 0 	 0 	 0 	 0 	 9.32862	
0 	 0 	 0 	 0 	 0 	 9.32872	
0 	 0 	 0 	 0 	 0 	 9.08103	
0 	 0 	 0 	 0 	 0 	 9.06754	
0 	 0 	 0 	 0 	 0 	 9.08258	
0 	 0 	 0 	 0 	 0 	 9.10219	
0 	 0 	 0 	 0 	 0 	 9.11835	
0 	 0 	 0 	 0 	 0 	 9.12618	
0 	 0 	 0 	 0 	 0 	 9.13268	
0 	 0 	 0 	 0 	 0 	 9.13414	
0 	 0 	 0 	 0 	 0 	 9.1373	
0 	 0 	 0 	 0 	 0 	 9.13873	
0 	 0 	 0 	 0 	 0 	 9.1395	
0 	 0 	 0 	 0 	 0 	 9.14181	
0 	 0 	 0 	 0 	 0 	 9.14309	
0 	 0 	 0 	 0 	 0 	 9.14466	
0 	 0 	 0 	 0 	 0 	 9.14484	
0 	 0 	 0 	 0 	 0 	 9.14465	
0 	 0 	 0 	 0 	 0 	 9.14405	
0 	 0 	 0 	 0 	 0 	 9.14366	
0 	 0 	 0 	 0 	 0 	 9.14333	
0 	 0 	 0 	 0 	 0 	 9.14373	
0 	 0 	 0 	 0 	 0 	 9.14426	
0 	 0 	 0 	 0 	 0 	 9.1448	
0 	 0 	 0 	 0 	 0 	 9.14496	
0 	 0 	 0 	 0 	 0 	 9.1449	
0 	 0 	 0 	 0 	 0 	 9.14476	
0 	 0 	 0 	 0 	 0 	 8.89455	
0 	 0 	 0 	 0 	 0 	 8.88284	
0 	 0 	 0 	 0 	 0 	 8.8988	
0 	 0 	 0 	 0 	 0 	 8.91815	
0 	 0 	 0 	 0 	 0 	 8.93349	
0 	 0 	 0 	 0 	 0 	 8.94191	
0 	 0 	 0 	 0 	 0 	 8.94763	
0 	 0 	 0 	 0 	 0 	 8.94863	
0 	 0 	 0 	 0 	 0 	 8.95175	
0 	 0 	 0 	 0 	 0 	 8.95324	
0 	 0 	 0 	 0 	 0 	 8.95523	
0 	 0 	 0 	 0 	 0 	 8.95498	
0 	 0 	 0 	 0 	 0 	 8.95607	
0 	 0 	 0 	 0 	 0 	 8.9557	
0 	 0 	 0 	 0 	 0 	 8.9544	
0 	 0 	 0 	 0 	 0 	 8.95631	
0 	 0 	 0 	 0 	 0 	 8.95646	
0 	 0 	 0 	 0 	 0 	 8.95638	
0 	 0 	 0 	 0 	 0 	 8.95678	
0 	 0 	 0 	 0 	 0 	 8.95662	
0 	 0 	 0 	 0 	 0 	 8.95733	
0 	 0 	 0 	 0 	 0 	 8.95756	
0 	 0 	 0 	 0 	 0 	 8.95815	
0 	 0 	 0 	 0 	 0 	 8.95817	
0 	 0 	 0 	 0 	 0 	 8.95791	
0 	 0 	 0 	 0 	 0 	 8.71325	
0 	 0 	 0 	 0 	 0 	 8.69882	
0 	 0 	 0 	 0 	 0 	 8.71469	
0 	 0 	 0 	 0 	 0 	 8.73497	
0 	 0 	 0 	 0 	 0 	 8.74825	
0 	 0 	 0 	 0 	 0 	 8.75675	
0 	 0 	 0 	 0 	 0 	 8.7635	
0 	 0 	 0 	 0 	 0 	 8.76535	
0 	 0 	 0 	 0 	 0 	 8.76726	
0 	 0 	 0 	 0 	 0 	 8.76785	
0 	 0 	 0 	 0 	 0 	 8.7649	
0 	 0 	 0 	 0 	 0 	 8.76771	
0 	 0 	 0 	 0 	 0 	 8.76484	
0 	 0 	 0 	 0 	 0 	 8.76688	
0 	 0 	 0 	 0 	 0 	 8.7689	
0 	 0 	 0 	 0 	 0 	 8.76999	
0 	 0 	 0 	 0 	 0 	 8.77018	
0 	 0 	 0 	 0 	 0 	 8.76756	
0 	 0 	 0 	 0 	 0 	 8.76892	
0 	 0 	 0 	 0 	 0 	 8.76925	
0 	 0 	 0 	 0 	 0 	 8.77018	
0 	 0 	 0 	 0 	 0 	 8.7703	
0 	 0 	 0 	 0 	 0 	 8.77037	
0 	 0 	 0 	 0 	 0 	 8.77066	
0 	 0 	 0 	 0 	 0 	 8.77101	
0 	 0 	 0 	 0 	 0 	 8.52035	
0 	 0 	 0 	 0 	 0 	 8.50963	
0 	 0 	 0 	 0 	 0 	 8.52145	
0 	 0 	 0 	 0 	 0 	 8.54174	
0 	 0 	 0 	 0 	 0 	 8.55927	
0 	 0 	 0 	 0 	 0 	 8.5681	
0 	 0 	 0 	 0 	 0 	 8.5726	
0 	 0 	 0 	 0 	 0 	 8.57497	
0 	 0 	 0 	 0 	 0 	 8.57626	
0 	 0 	 0 	 0 	 0 	 8.57666	
0 	 0 	 0 	 0 	 0 	 8.577	
0 	 0 	 0 	 0 	 0 	 8.57646	
0 	 0 	 0 	 0 	 0 	 8.57703	
0 	 0 	 0 	 0 	 0 	 8.57697	
0 	 0 	 0 	 0 	 0 	 8.57785	
0 	 0 	 0 	 0 	 0 	 8.58044	
0 	 0 	 0 	 0 	 0 	 8.57779	
0 	 0 	 0 	 0 	 0 	 8.57865	
0 	 0 	 0 	 0 	 0 	 8.57899	
0 	 0 	 0 	 0 	 0 	 8.57984	
0 	 0 	 0 	 0 	 0 	 8.57897	
0 	 0 	 0 	 0 	 0 	 8.5777	
0 	 0 	 0 	 0 	 0 	 8.57898	
0 	 0 	 0 	 0 	 0 	 8.57915	
0 	 0 	 0 	 0 	 0 	 8.57985	
0 	 0 	 0 	 0 	 0 	 8.32895	
0 	 0 	 0 	 0 	 0 	 8.3203	
0 	 0 	 0 	 0 	 0 	 8.33554	
0 	 0 	 0 	 0 	 0 	 8.35207	
0 	 0 	 0 	 0 	 0 	 8.36369	
0 	 0 	 0 	 0 	 0 	 8.37282	
0 	 0 	 0 	 0 	 0 	 8.37837	
0 	 0 	 0 	 0 	 0 	 8.3809	
0 	 0 	 0 	 0 	 0 	 8.38411	
0 	 0 	 0 	 0 	 0 	 8.38608	
0 	 0 	 0 	 0 	 0 	 8.38778	
0 	 0 	 0 	 0 	 0 	 8.38787	
0 	 0 	 0 	 0 	 0 	 8.38828	
0 	 0 	 0 	 0 	 0 	 8.38809	
0 	 0 	 0 	 0 	 0 	 8.38858	
0 	 0 	 0 	 0 	 0 	 8.38851	
0 	 0 	 0 	 0 	 0 	 8.38839	
0 	 0 	 0 	 0 	 0 	 8.38914	
0 	 0 	 0 	 0 	 0 	 8.38963	
0 	 0 	 0 	 0 	 0 	 8.38939	
0 	 0 	 0 	 0 	 0 	 8.38997	
0 	 0 	 0 	 0 	 0 	 8.38916	
0 	 0 	 0 	 0 	 0 	 8.38905	
0 	 0 	 0 	 0 	 0 	 8.38877	
0 	 0 	 0 	 0 	 0 	 8.38921	
0 	 0 	 0 	 0 	 0 	 8.14129	
0 	 0 	 0 	 0 	 0 	 8.13205	
0 	 0 	 0 	 0 	 0 	 8.14844	
0 	 0 	 0 	 0 	 0 	 8.16636	
0 	 0 	 0 	 0 	 0 	 8.1796	
0 	 0 	 0 	 0 	 0 	 8.18823	
0 	 0 	 0 	 0 	 0 	 8.19179	
0 	 0 	 0 	 0 	 0 	 8.1954	
0 	 0 	 0 	 0 	 0 	 8.19784	
0 	 0 	 0 	 0 	 0 	 8.19894	
0 	 0 	 0 	 0 	 0 	 8.19969	
0 	 0 	 0 	 0 	 0 	 8.20003	
0 	 0 	 0 	 0 	 0 	 8.20042	
0 	 0 	 0 	 0 	 0 	 8.20053	
0 	 0 	 0 	 0 	 0 	 8.20071	
0 	 0 	 0 	 0 	 0 	 8.20034	
0 	 0 	 0 	 0 	 0 	 8.20052	
0 	 0 	 0 	 0 	 0 	 8.19952	
0 	 0 	 0 	 0 	 0 	 8.20003	
0 	 0 	 0 	 0 	 0 	 8.20005	
0 	 0 	 0 	 0 	 0 	 8.2007	
0 	 0 	 0 	 0 	 0 	 8.20073	
0 	 0 	 0 	 0 	 0 	 8.20154	
0 	 0 	 0 	 0 	 0 	 8.19844	
0 	 0 	 0 	 0 	 0 	 8.19956	
0 	 0 	 0 	 0 	 0 	 7.95323	
0 	 0 	 0 	 0 	 0 	 7.94699	
0 	 0 	 0 	 0 	 0 	 7.96134	
0 	 0 	 0 	 0 	 0 	 7.97862	
0 	 0 	 0 	 0 	 0 	 7.9892	
0 	 0 	 0 	 0 	 0 	 7.99633	
0 	 0 	 0 	 0 	 0 	 8.00153	
0 	 0 	 0 	 0 	 0 	 8.00359	
0 	 0 	 0 	 0 	 0 	 8.00435	
0 	 0 	 0 	 0 	 0 	 8.0058	
0 	 0 	 0 	 0 	 0 	 8.00146	
0 	 0 	 0 	 0 	 0 	 8.00412	
0 	 0 	 0 	 0 	 0 	 8.00474	
0 	 0 	 0 	 0 	 0 	 8.00475	
0 	 0 	 0 	 0 	 0 	 8.00576	
0 	 0 	 0 	 0 	 0 	 8.0063	
0 	 0 	 0 	 0 	 0 	 8.00726	
0 	 0 	 0 	 0 	 0 	 8.00824	
0 	 0 	 0 	 0 	 0 	 8.00878	
0 	 0 	 0 	 0 	 0 	 8.00846	
0 	 0 	 0 	 0 	 0 	 8.00913	
0 	 0 	 0 	 0 	 0 	 8.00934	
0 	 0 	 0 	 0 	 0 	 8.00909	
0 	 0 	 0 	 0 	 0 	 8.00953	
0 	 0 	 0 	 0 	 0 	 8.00952	
0 	 0 	 0 	 0 	 0 	 7.76315	
0 	 0 	 0 	 0 	 0 	 7.75384	
0 	 0 	 0 	 0 	 0 	 7.7687	
0 	 0 	 0 	 0 	 0 	 7.78604	
0 	 0 	 0 	 0 	 0 	 7.80066	
0 	 0 	 0 	 0 	 0 	 7.8073	
0 	 0 	 0 	 0 	 0 	 7.81109	
0 	 0 	 0 	 0 	 0 	 7.81166	
0 	 0 	 0 	 0 	 0 	 7.81449	
0 	 0 	 0 	 0 	 0 	 7.81447	
0 	 0 	 0 	 0 	 0 	 7.81697	
0 	 0 	 0 	 0 	 0 	 7.81813	
0 	 0 	 0 	 0 	 0 	 7.81871	
0 	 0 	 0 	 0 	 0 	 7.8188	
0 	 0 	 0 	 0 	 0 	 7.81874	
0 	 0 	 0 	 0 	 0 	 7.81663	
0 	 0 	 0 	 0 	 0 	 7.81689	
0 	 0 	 0 	 0 	 0 	 7.81754	
0 	 0 	 0 	 0 	 0 	 7.81792	
0 	 0 	 0 	 0 	 0 	 7.81802	
0 	 0 	 0 	 0 	 0 	 7.81925	
0 	 0 	 0 	 0 	 0 	 7.81965	
0 	 0 	 0 	 0 	 0 	 7.81905	
0 	 0 	 0 	 0 	 0 	 7.81887	
0 	 0 	 0 	 0 	 0 	 7.81836	
0 	 0 	 0 	 0 	 0 	 7.57734	
0 	 0 	 0 	 0 	 0 	 7.56725	
0 	 0 	 0 	 0 	 0 	 7.57631	
0 	 0 	 0 	 0 	 0 	 7.59131	
0 	 0 	 0 	 0 	 0 	 7.60335	
0 	 0 	 0 	 0 	 0 	 7.61209	
0 	 0 	 0 	 0 	 0 	 7.617	
0 	 0 	 0 	 0 	 0 	 7.61991	
0 	 0 	 0 	 0 	 0 	 7.62174	
0 	 0 	 0 	 0 	 0 	 7.62315	
0 	 0 	 0 	 0 	 0 	 7.62621	
0 	 0 	 0 	 0 	 0 	 7.62689	
0 	 0 	 0 	 0 	 0 	 7.62733	
0 	 0 	 0 	 0 	 0 	 7.62713	
0 	 0 	 0 	 0 	 0 	 7.62293	
0 	 0 	 0 	 0 	 0 	 7.62507	
0 	 0 	 0 	 0 	 0 	 7.62642	
0 	 0 	 0 	 0 	 0 	 7.62605	
0 	 0 	 0 	 0 	 0 	 7.626	
0 	 0 	 0 	 0 	 0 	 7.62729	
0 	 0 	 0 	 0 	 0 	 7.62944	
0 	 0 	 0 	 0 	 0 	 7.62912	
0 	 0 	 0 	 0 	 0 	 7.63304	
0 	 0 	 0 	 0 	 0 	 7.6299	
0 	 0 	 0 	 0 	 0 	 7.62843	
0 	 0 	 0 	 0 	 0 	 7.38873	
0 	 0 	 0 	 0 	 0 	 7.3768	
0 	 0 	 0 	 0 	 0 	 7.38987	
0 	 0 	 0 	 0 	 0 	 7.40527	
0 	 0 	 0 	 0 	 0 	 7.41693	
0 	 0 	 0 	 0 	 0 	 7.42489	
0 	 0 	 0 	 0 	 0 	 7.42866	
0 	 0 	 0 	 0 	 0 	 7.43058	
0 	 0 	 0 	 0 	 0 	 7.43264	
0 	 0 	 0 	 0 	 0 	 7.43405	
0 	 0 	 0 	 0 	 0 	 7.43495	
0 	 0 	 0 	 0 	 0 	 7.43532	
0 	 0 	 0 	 0 	 0 	 7.43583	
0 	 0 	 0 	 0 	 0 	 7.43638	
0 	 0 	 0 	 0 	 0 	 7.43621	
0 	 0 	 0 	 0 	 0 	 7.43698	
0 	 0 	 0 	 0 	 0 	 7.43681	
0 	 0 	 0 	 0 	 0 	 7.43519	
0 	 0 	 0 	 0 	 0 	 7.43615	
0 	 0 	 0 	 0 	 0 	 7.4361	
0 	 0 	 0 	 0 	 0 	 7.43626	
0 	 0 	 0 	 0 	 0 	 7.43685	
0 	 0 	 0 	 0 	 0 	 7.43668	
0 	 0 	 0 	 0 	 0 	 7.43666	
0 	 0 	 0 	 0 	 0 	 7.4367	
0 	 0 	 0 	 0 	 0 	 7.1954	
0 	 0 	 0 	 0 	 0 	 7.18819	
0 	 0 	 0 	 0 	 0 	 7.20186	
0 	 0 	 0 	 0 	 0 	 7.2178	
0 	 0 	 0 	 0 	 0 	 7.23103	
0 	 0 	 0 	 0 	 0 	 7.23652	
0 	 0 	 0 	 0 	 0 	 7.24111	
0 	 0 	 0 	 0 	 0 	 7.24355	
0 	 0 	 0 	 0 	 0 	 7.24522	
0 	 0 	 0 	 0 	 0 	 7.2462	
0 	 0 	 0 	 0 	 0 	 7.24687	
0 	 0 	 0 	 0 	 0 	 7.2477	
0 	 0 	 0 	 0 	 0 	 7.24811	
0 	 0 	 0 	 0 	 0 	 7.24813	
0 	 0 	 0 	 0 	 0 	 7.248	
0 	 0 	 0 	 0 	 0 	 7.2479	
0 	 0 	 0 	 0 	 0 	 7.24818	
0 	 0 	 0 	 0 	 0 	 7.24849	
0 	 0 	 0 	 0 	 0 	 7.24853	
0 	 0 	 0 	 0 	 0 	 7.2487	
0 	 0 	 0 	 0 	 0 	 7.2491	
0 	 0 	 0 	 0 	 0 	 7.24848	
0 	 0 	 0 	 0 	 0 	 7.24829	
0 	 0 	 0 	 0 	 0 	 7.24863	
0 	 0 	 0 	 0 	 0 	 7.24893	
0 	 0 	 0 	 0 	 0 	 7.01309	
0 	 0 	 0 	 0 	 0 	 7.00349	
0 	 0 	 0 	 0 	 0 	 7.01313	
0 	 0 	 0 	 0 	 0 	 7.027	
0 	 0 	 0 	 0 	 0 	 7.03847	
0 	 0 	 0 	 0 	 0 	 7.04529	
0 	 0 	 0 	 0 	 0 	 7.04758	
0 	 0 	 0 	 0 	 0 	 7.0503	
0 	 0 	 0 	 0 	 0 	 7.05169	
0 	 0 	 0 	 0 	 0 	 7.05345	
0 	 0 	 0 	 0 	 0 	 7.0545	
0 	 0 	 0 	 0 	 0 	 7.05478	
0 	 0 	 0 	 0 	 0 	 7.055	
0 	 0 	 0 	 0 	 0 	 7.05508	
0 	 0 	 0 	 0 	 0 	 7.05519	
0 	 0 	 0 	 0 	 0 	 7.05531	
0 	 0 	 0 	 0 	 0 	 7.05534	
0 	 0 	 0 	 0 	 0 	 7.05573	
0 	 0 	 0 	 0 	 0 	 7.05579	
0 	 0 	 0 	 0 	 0 	 7.05589	
0 	 0 	 0 	 0 	 0 	 7.05603	
0 	 0 	 0 	 0 	 0 	 7.05606	
0 	 0 	 0 	 0 	 0 	 7.05505	
0 	 0 	 0 	 0 	 0 	 7.05564	
0 	 0 	 0 	 0 	 0 	 7.05494	
0 	 0 	 0 	 0 	 0 	 6.82451	
0 	 0 	 0 	 0 	 0 	 6.8142	
0 	 0 	 0 	 0 	 0 	 6.82288	
0 	 0 	 0 	 0 	 0 	 6.83495	
0 	 0 	 0 	 0 	 0 	 6.84554	
0 	 0 	 0 	 0 	 0 	 6.85328	
0 	 0 	 0 	 0 	 0 	 6.85738	
0 	 0 	 0 	 0 	 0 	 6.85957	
0 	 0 	 0 	 0 	 0 	 6.86134	
0 	 0 	 0 	 0 	 0 	 6.86098	
0 	 0 	 0 	 0 	 0 	 6.86197	
0 	 0 	 0 	 0 	 0 	 6.86292	
0 	 0 	 0 	 0 	 0 	 6.86357	
0 	 0 	 0 	 0 	 0 	 6.86394	
0 	 0 	 0 	 0 	 0 	 6.86417	
0 	 0 	 0 	 0 	 0 	 6.86404	
0 	 0 	 0 	 0 	 0 	 6.86435	
0 	 0 	 0 	 0 	 0 	 6.86493	
0 	 0 	 0 	 0 	 0 	 6.86482	
0 	 0 	 0 	 0 	 0 	 6.8647	
0 	 0 	 0 	 0 	 0 	 6.8646	
0 	 0 	 0 	 0 	 0 	 6.8644	
0 	 0 	 0 	 0 	 0 	 6.86495	
0 	 0 	 0 	 0 	 0 	 6.86479	
0 	 0 	 0 	 0 	 0 	 6.86466	
0 	 0 	 0 	 0 	 0 	 6.63114	
0 	 0 	 0 	 0 	 0 	 6.63137	
0 	 0 	 0 	 0 	 0 	 6.64438	
0 	 0 	 0 	 0 	 0 	 6.65559	
0 	 0 	 0 	 0 	 0 	 6.66229	
0 	 0 	 0 	 0 	 0 	 6.66758	
0 	 0 	 0 	 0 	 0 	 6.67274	
0 	 0 	 0 	 0 	 0 	 6.67601	
0 	 0 	 0 	 0 	 0 	 6.678	
0 	 0 	 0 	 0 	 0 	 6.67799	
0 	 0 	 0 	 0 	 0 	 6.67772	
0 	 0 	 0 	 0 	 0 	 6.67829	
0 	 0 	 0 	 0 	 0 	 6.67888	
0 	 0 	 0 	 0 	 0 	 6.67978	
0 	 0 	 0 	 0 	 0 	 6.68048	
0 	 0 	 0 	 0 	 0 	 6.68019	
0 	 0 	 0 	 0 	 0 	 6.68084	
0 	 0 	 0 	 0 	 0 	 6.68122	
0 	 0 	 0 	 0 	 0 	 6.68139	
0 	 0 	 0 	 0 	 0 	 6.6814	
0 	 0 	 0 	 0 	 0 	 6.68167	
0 	 0 	 0 	 0 	 0 	 6.6817	
0 	 0 	 0 	 0 	 0 	 6.68165	
0 	 0 	 0 	 0 	 0 	 6.68156	
0 	 0 	 0 	 0 	 0 	 6.68159	
0 	 0 	 0 	 0 	 0 	 6.44968	
0 	 0 	 0 	 0 	 0 	 6.44798	
0 	 0 	 0 	 0 	 0 	 6.45772	
0 	 0 	 0 	 0 	 0 	 6.47084	
0 	 0 	 0 	 0 	 0 	 6.48172	
0 	 0 	 0 	 0 	 0 	 6.4884	
0 	 0 	 0 	 0 	 0 	 6.49098	
0 	 0 	 0 	 0 	 0 	 6.4929	
0 	 0 	 0 	 0 	 0 	 6.4939	
0 	 0 	 0 	 0 	 0 	 6.49468	
0 	 0 	 0 	 0 	 0 	 6.49529	
0 	 0 	 0 	 0 	 0 	 6.49607	
0 	 0 	 0 	 0 	 0 	 6.49604	
0 	 0 	 0 	 0 	 0 	 6.49656	
0 	 0 	 0 	 0 	 0 	 6.49654	
0 	 0 	 0 	 0 	 0 	 6.49646	
0 	 0 	 0 	 0 	 0 	 6.49667	
0 	 0 	 0 	 0 	 0 	 6.49668	
0 	 0 	 0 	 0 	 0 	 6.49686	
0 	 0 	 0 	 0 	 0 	 6.49715	
0 	 0 	 0 	 0 	 0 	 6.4971	
0 	 0 	 0 	 0 	 0 	 6.49726	
0 	 0 	 0 	 0 	 0 	 6.49729	
0 	 0 	 0 	 0 	 0 	 6.49731	
0 	 0 	 0 	 0 	 0 	 6.49731	
0 	 0 	 0 	 0 	 0 	 6.27456	
0 	 0 	 0 	 0 	 0 	 6.27028	
0 	 0 	 0 	 0 	 0 	 6.28218	
0 	 0 	 0 	 0 	 0 	 6.29438	
0 	 0 	 0 	 0 	 0 	 6.30193	
0 	 0 	 0 	 0 	 0 	 6.30794	
0 	 0 	 0 	 0 	 0 	 6.31063	
0 	 0 	 0 	 0 	 0 	 6.31254	
0 	 0 	 0 	 0 	 0 	 6.31322	
0 	 0 	 0 	 0 	 0 	 6.3141	
0 	 0 	 0 	 0 	 0 	 6.31475	
0 	 0 	 0 	 0 	 0 	 6.31503	
0 	 0 	 0 	 0 	 0 	 6.31504	
0 	 0 	 0 	 0 	 0 	 6.31522	
0 	 0 	 0 	 0 	 0 	 6.3151	
0 	 0 	 0 	 0 	 0 	 6.3148	
0 	 0 	 0 	 0 	 0 	 6.31537	
0 	 0 	 0 	 0 	 0 	 6.31493	
0 	 0 	 0 	 0 	 0 	 6.31567	
0 	 0 	 0 	 0 	 0 	 6.3162	
0 	 0 	 0 	 0 	 0 	 6.31659	
0 	 0 	 0 	 0 	 0 	 6.31657	
0 	 0 	 0 	 0 	 0 	 6.31641	
0 	 0 	 0 	 0 	 0 	 6.31607	
0 	 0 	 0 	 0 	 0 	 6.31837	
0 	 0 	 0 	 0 	 0 	 6.09532	
0 	 0 	 0 	 0 	 0 	 6.09195	
0 	 0 	 0 	 0 	 0 	 6.09897	
0 	 0 	 0 	 0 	 0 	 6.1123	
0 	 0 	 0 	 0 	 0 	 6.11862	
0 	 0 	 0 	 0 	 0 	 6.12321	
0 	 0 	 0 	 0 	 0 	 6.12568	
0 	 0 	 0 	 0 	 0 	 6.12808	
0 	 0 	 0 	 0 	 0 	 6.12968	
0 	 0 	 0 	 0 	 0 	 6.13044	
0 	 0 	 0 	 0 	 0 	 6.13053	
0 	 0 	 0 	 0 	 0 	 6.13336	
0 	 0 	 0 	 0 	 0 	 6.13221	
0 	 0 	 0 	 0 	 0 	 6.13179	
0 	 0 	 0 	 0 	 0 	 6.13164	
0 	 0 	 0 	 0 	 0 	 6.13199	
0 	 0 	 0 	 0 	 0 	 6.13232	
0 	 0 	 0 	 0 	 0 	 6.13305	
0 	 0 	 0 	 0 	 0 	 6.13536	
0 	 0 	 0 	 0 	 0 	 6.13799	
0 	 0 	 0 	 0 	 0 	 6.13574	
0 	 0 	 0 	 0 	 0 	 6.135	
0 	 0 	 0 	 0 	 0 	 6.13459	
0 	 0 	 0 	 0 	 0 	 6.13407	
0 	 0 	 0 	 0 	 0 	 6.13392	
0 	 0 	 0 	 0 	 0 	 5.9169	
0 	 0 	 0 	 0 	 0 	 5.9153	
0 	 0 	 0 	 0 	 0 	 5.92403	
0 	 0 	 0 	 0 	 0 	 5.93467	
0 	 0 	 0 	 0 	 0 	 5.94243	
0 	 0 	 0 	 0 	 0 	 5.94844	
0 	 0 	 0 	 0 	 0 	 5.96656	
0 	 0 	 0 	 0 	 0 	 5.96083	
0 	 0 	 0 	 0 	 0 	 5.95932	
0 	 0 	 0 	 0 	 0 	 5.95914	
0 	 0 	 0 	 0 	 0 	 5.95865	
0 	 0 	 0 	 0 	 0 	 5.95759	
0 	 0 	 0 	 0 	 0 	 5.95703	
0 	 0 	 0 	 0 	 0 	 5.9569	
0 	 0 	 0 	 0 	 0 	 5.95752	
0 	 0 	 0 	 0 	 0 	 5.95762	
0 	 0 	 0 	 0 	 0 	 5.9578	
0 	 0 	 0 	 0 	 0 	 5.95765	
0 	 0 	 0 	 0 	 0 	 5.95789	
0 	 0 	 0 	 0 	 0 	 5.95817	
0 	 0 	 0 	 0 	 0 	 5.95807	
0 	 0 	 0 	 0 	 0 	 5.95798	
0 	 0 	 0 	 0 	 0 	 5.95782	
0 	 0 	 0 	 0 	 0 	 5.95789	
0 	 0 	 0 	 0 	 0 	 5.95784	
0 	 0 	 0 	 0 	 0 	 5.74613	
0 	 0 	 0 	 0 	 0 	 5.74162	
0 	 0 	 0 	 0 	 0 	 5.7506	
0 	 0 	 0 	 0 	 0 	 5.76487	
0 	 0 	 0 	 0 	 0 	 5.77082	
0 	 0 	 0 	 0 	 0 	 5.77366	
0 	 0 	 0 	 0 	 0 	 5.77555	
0 	 0 	 0 	 0 	 0 	 5.77607	
0 	 0 	 0 	 0 	 0 	 5.77782	
0 	 0 	 0 	 0 	 0 	 5.7793	
0 	 0 	 0 	 0 	 0 	 5.78044	
0 	 0 	 0 	 0 	 0 	 5.77898	
0 	 0 	 0 	 0 	 0 	 5.77967	
0 	 0 	 0 	 0 	 0 	 5.78056	
0 	 0 	 0 	 0 	 0 	 5.77844	
0 	 0 	 0 	 0 	 0 	 5.77939	
0 	 0 	 0 	 0 	 0 	 5.78008	
0 	 0 	 0 	 0 	 0 	 5.78049	
0 	 0 	 0 	 0 	 0 	 5.78049	
0 	 0 	 0 	 0 	 0 	 5.78099	
0 	 0 	 0 	 0 	 0 	 5.7808	
0 	 0 	 0 	 0 	 0 	 5.78056	
0 	 0 	 0 	 0 	 0 	 5.78065	
0 	 0 	 0 	 0 	 0 	 5.78086	
0 	 0 	 0 	 0 	 0 	 5.78015	
0 	 0 	 0 	 0 	 0 	 5.56997	
0 	 0 	 0 	 0 	 0 	 5.56725	
0 	 0 	 0 	 0 	 0 	 5.57585	
0 	 0 	 0 	 0 	 0 	 5.58536	
0 	 0 	 0 	 0 	 0 	 5.59462	
0 	 0 	 0 	 0 	 0 	 5.60062	
0 	 0 	 0 	 0 	 0 	 5.60394	
0 	 0 	 0 	 0 	 0 	 5.60589	
0 	 0 	 0 	 0 	 0 	 5.60706	
0 	 0 	 0 	 0 	 0 	 5.6079	
0 	 0 	 0 	 0 	 0 	 5.6085	
0 	 0 	 0 	 0 	 0 	 5.60852	
0 	 0 	 0 	 0 	 0 	 5.60881	
0 	 0 	 0 	 0 	 0 	 5.60918	
0 	 0 	 0 	 0 	 0 	 5.60982	
0 	 0 	 0 	 0 	 0 	 5.60983	
0 	 0 	 0 	 0 	 0 	 5.6099	
0 	 0 	 0 	 0 	 0 	 5.60994	
0 	 0 	 0 	 0 	 0 	 5.60999	
0 	 0 	 0 	 0 	 0 	 5.60972	
0 	 0 	 0 	 0 	 0 	 5.60955	
0 	 0 	 0 	 0 	 0 	 5.60844	
0 	 0 	 0 	 0 	 0 	 5.60928	
0 	 0 	 0 	 0 	 0 	 5.60939	
0 	 0 	 0 	 0 	 0 	 5.6095	
0 	 0 	 0 	 0 	 0 	 5.40434	
0 	 0 	 0 	 0 	 0 	 5.3985	
0 	 0 	 0 	 0 	 0 	 5.40602	
0 	 0 	 0 	 0 	 0 	 5.41333	
0 	 0 	 0 	 0 	 0 	 5.42033	
0 	 0 	 0 	 0 	 0 	 5.42469	
0 	 0 	 0 	 0 	 0 	 5.42862	
0 	 0 	 0 	 0 	 0 	 5.43037	
0 	 0 	 0 	 0 	 0 	 5.43194	
0 	 0 	 0 	 0 	 0 	 5.43279	
0 	 0 	 0 	 0 	 0 	 5.43328	
0 	 0 	 0 	 0 	 0 	 5.43351	
0 	 0 	 0 	 0 	 0 	 5.43394	
0 	 0 	 0 	 0 	 0 	 5.43417	
0 	 0 	 0 	 0 	 0 	 5.43438	
0 	 0 	 0 	 0 	 0 	 5.43462	
0 	 0 	 0 	 0 	 0 	 5.43433	
0 	 0 	 0 	 0 	 0 	 5.43463	
0 	 0 	 0 	 0 	 0 	 5.43445	
0 	 0 	 0 	 0 	 0 	 5.43534	
0 	 0 	 0 	 0 	 0 	 5.43512	
0 	 0 	 0 	 0 	 0 	 5.43556	
0 	 0 	 0 	 0 	 0 	 5.4354	
0 	 0 	 0 	 0 	 0 	 5.43495	
0 	 0 	 0 	 0 	 0 	 5.43505	
0 	 0 	 0 	 0 	 0 	 5.23456	
0 	 0 	 0 	 0 	 0 	 5.23596	
0 	 0 	 0 	 0 	 0 	 5.24544	
0 	 0 	 0 	 0 	 0 	 5.25345	
0 	 0 	 0 	 0 	 0 	 5.25841	
0 	 0 	 0 	 0 	 0 	 5.26239	
0 	 0 	 0 	 0 	 0 	 5.26419	
0 	 0 	 0 	 0 	 0 	 5.26533	
0 	 0 	 0 	 0 	 0 	 5.26627	
0 	 0 	 0 	 0 	 0 	 5.26757	
0 	 0 	 0 	 0 	 0 	 5.26815	
0 	 0 	 0 	 0 	 0 	 5.268	
0 	 0 	 0 	 0 	 0 	 5.2685	
0 	 0 	 0 	 0 	 0 	 5.26882	
0 	 0 	 0 	 0 	 0 	 5.26912	
0 	 0 	 0 	 0 	 0 	 5.26909	
0 	 0 	 0 	 0 	 0 	 5.26886	
0 	 0 	 0 	 0 	 0 	 5.26881	
0 	 0 	 0 	 0 	 0 	 5.26879	
0 	 0 	 0 	 0 	 0 	 5.26874	
0 	 0 	 0 	 0 	 0 	 5.26895	
0 	 0 	 0 	 0 	 0 	 5.2691	
0 	 0 	 0 	 0 	 0 	 5.2691	
0 	 0 	 0 	 0 	 0 	 5.26913	
0 	 0 	 0 	 0 	 0 	 5.26924	
0 	 0 	 0 	 0 	 0 	 5.07467	
0 	 0 	 0 	 0 	 0 	 5.07059	
0 	 0 	 0 	 0 	 0 	 5.0778	
0 	 0 	 0 	 0 	 0 	 5.08583	
0 	 0 	 0 	 0 	 0 	 5.09148	
0 	 0 	 0 	 0 	 0 	 5.0962	
0 	 0 	 0 	 0 	 0 	 5.0984	
0 	 0 	 0 	 0 	 0 	 5.09926	
0 	 0 	 0 	 0 	 0 	 5.09995	
0 	 0 	 0 	 0 	 0 	 5.10268	
0 	 0 	 0 	 0 	 0 	 5.10065	
0 	 0 	 0 	 0 	 0 	 5.10132	
0 	 0 	 0 	 0 	 0 	 5.10186	
0 	 0 	 0 	 0 	 0 	 5.102	
0 	 0 	 0 	 0 	 0 	 5.10317	
0 	 0 	 0 	 0 	 0 	 5.1027	
0 	 0 	 0 	 0 	 0 	 5.10264	
0 	 0 	 0 	 0 	 0 	 5.10301	
0 	 0 	 0 	 0 	 0 	 5.10265	
0 	 0 	 0 	 0 	 0 	 5.10326	
0 	 0 	 0 	 0 	 0 	 5.10291	
0 	 0 	 0 	 0 	 0 	 5.10563	
0 	 0 	 0 	 0 	 0 	 5.10428	
0 	 0 	 0 	 0 	 0 	 5.10432	
0 	 0 	 0 	 0 	 0 	 5.10331	
0 	 0 	 0 	 0 	 0 	 4.91104	
0 	 0 	 0 	 0 	 0 	 4.91	
0 	 0 	 0 	 0 	 0 	 4.91768	
0 	 0 	 0 	 0 	 0 	 4.92481	
0 	 0 	 0 	 0 	 0 	 4.93019	
0 	 0 	 0 	 0 	 0 	 4.93417	
0 	 0 	 0 	 0 	 0 	 4.9364	
0 	 0 	 0 	 0 	 0 	 4.93818	
0 	 0 	 0 	 0 	 0 	 4.93953	
0 	 0 	 0 	 0 	 0 	 4.94026	
0 	 0 	 0 	 0 	 0 	 4.94044	
0 	 0 	 0 	 0 	 0 	 4.94051	
0 	 0 	 0 	 0 	 0 	 4.94173	
0 	 0 	 0 	 0 	 0 	 4.94138	
0 	 0 	 0 	 0 	 0 	 4.94126	
0 	 0 	 0 	 0 	 0 	 4.9412	
0 	 0 	 0 	 0 	 0 	 4.9413	
0 	 0 	 0 	 0 	 0 	 4.94131	
0 	 0 	 0 	 0 	 0 	 4.94147	
0 	 0 	 0 	 0 	 0 	 4.94148	
0 	 0 	 0 	 0 	 0 	 4.94162	
0 	 0 	 0 	 0 	 0 	 4.94176	
0 	 0 	 0 	 0 	 0 	 4.94184	
0 	 0 	 0 	 0 	 0 	 4.94193	
0 	 0 	 0 	 0 	 0 	 4.94187	
0 	 0 	 0 	 0 	 0 	 4.75528	
0 	 0 	 0 	 0 	 0 	 4.75002	
0 	 0 	 0 	 0 	 0 	 4.75516	
0 	 0 	 0 	 0 	 0 	 4.76334	
0 	 0 	 0 	 0 	 0 	 4.76862	
0 	 0 	 0 	 0 	 0 	 4.77247	
0 	 0 	 0 	 0 	 0 	 4.77376	
0 	 0 	 0 	 0 	 0 	 4.77531	
0 	 0 	 0 	 0 	 0 	 4.77638	
0 	 0 	 0 	 0 	 0 	 4.77769	
0 	 0 	 0 	 0 	 0 	 4.77803	
0 	 0 	 0 	 0 	 0 	 4.77811	
0 	 0 	 0 	 0 	 0 	 4.77892	
0 	 0 	 0 	 0 	 0 	 4.77856	
0 	 0 	 0 	 0 	 0 	 4.77799	
0 	 0 	 0 	 0 	 0 	 4.77778	
0 	 0 	 0 	 0 	 0 	 4.77786	
0 	 0 	 0 	 0 	 0 	 4.77795	
0 	 0 	 0 	 0 	 0 	 4.77816	
0 	 0 	 0 	 0 	 0 	 4.77825	
0 	 0 	 0 	 0 	 0 	 4.77827	
0 	 0 	 0 	 0 	 0 	 4.77806	
0 	 0 	 0 	 0 	 0 	 4.77794	
0 	 0 	 0 	 0 	 0 	 4.77797	
0 	 0 	 0 	 0 	 0 	 4.77793	
0 	 0 	 0 	 0 	 0 	 4.59417	
0 	 0 	 0 	 0 	 0 	 4.59436	
0 	 0 	 0 	 0 	 0 	 4.601	
0 	 0 	 0 	 0 	 0 	 4.60766	
0 	 0 	 0 	 0 	 0 	 4.61261	
0 	 0 	 0 	 0 	 0 	 4.61706	
0 	 0 	 0 	 0 	 0 	 4.61937	
0 	 0 	 0 	 0 	 0 	 4.62038	
0 	 0 	 0 	 0 	 0 	 4.62114	
0 	 0 	 0 	 0 	 0 	 4.62174	
0 	 0 	 0 	 0 	 0 	 4.62154	
0 	 0 	 0 	 0 	 0 	 4.62222	
0 	 0 	 0 	 0 	 0 	 4.62273	
0 	 0 	 0 	 0 	 0 	 4.62305	
0 	 0 	 0 	 0 	 0 	 4.62321	
0 	 0 	 0 	 0 	 0 	 4.62322	
0 	 0 	 0 	 0 	 0 	 4.62315	
0 	 0 	 0 	 0 	 0 	 4.6232	
0 	 0 	 0 	 0 	 0 	 4.6232	
0 	 0 	 0 	 0 	 0 	 4.62326	
0 	 0 	 0 	 0 	 0 	 4.62352	
0 	 0 	 0 	 0 	 0 	 4.62352	
0 	 0 	 0 	 0 	 0 	 4.6235	
0 	 0 	 0 	 0 	 0 	 4.62356	
0 	 0 	 0 	 0 	 0 	 4.62389	
0 	 0 	 0 	 0 	 0 	 4.44452	
0 	 0 	 0 	 0 	 0 	 4.44103	
0 	 0 	 0 	 0 	 0 	 4.44707	
0 	 0 	 0 	 0 	 0 	 4.45407	
0 	 0 	 0 	 0 	 0 	 4.4598	
0 	 0 	 0 	 0 	 0 	 4.46331	
0 	 0 	 0 	 0 	 0 	 4.46565	
0 	 0 	 0 	 0 	 0 	 4.46661	
0 	 0 	 0 	 0 	 0 	 4.46689	
0 	 0 	 0 	 0 	 0 	 4.46711	
0 	 0 	 0 	 0 	 0 	 4.46702	
0 	 0 	 0 	 0 	 0 	 4.46725	
0 	 0 	 0 	 0 	 0 	 4.46687	
0 	 0 	 0 	 0 	 0 	 4.46712	
0 	 0 	 0 	 0 	 0 	 4.46688	
0 	 0 	 0 	 0 	 0 	 4.46723	
0 	 0 	 0 	 0 	 0 	 4.46738	
0 	 0 	 0 	 0 	 0 	 4.4677	
0 	 0 	 0 	 0 	 0 	 4.46796	
0 	 0 	 0 	 0 	 0 	 4.46822	
0 	 0 	 0 	 0 	 0 	 4.46871	
0 	 0 	 0 	 0 	 0 	 4.46525	
0 	 0 	 0 	 0 	 0 	 4.46682	
0 	 0 	 0 	 0 	 0 	 4.46729	
0 	 0 	 0 	 0 	 0 	 4.46769	
0 	 0 	 0 	 0 	 0 	 4.29404	
0 	 0 	 0 	 0 	 0 	 4.29197	
0 	 0 	 0 	 0 	 0 	 4.29892	
0 	 0 	 0 	 0 	 0 	 4.30625	
0 	 0 	 0 	 0 	 0 	 4.31066	
0 	 0 	 0 	 0 	 0 	 4.31321	
0 	 0 	 0 	 0 	 0 	 4.31473	
0 	 0 	 0 	 0 	 0 	 4.31562	
0 	 0 	 0 	 0 	 0 	 4.3167	
0 	 0 	 0 	 0 	 0 	 4.31752	
0 	 0 	 0 	 0 	 0 	 4.3176	
0 	 0 	 0 	 0 	 0 	 4.31759	
0 	 0 	 0 	 0 	 0 	 4.31734	
0 	 0 	 0 	 0 	 0 	 4.31792	
0 	 0 	 0 	 0 	 0 	 4.31819	
0 	 0 	 0 	 0 	 0 	 4.31961	
0 	 0 	 0 	 0 	 0 	 4.32019	
0 	 0 	 0 	 0 	 0 	 4.31906	
0 	 0 	 0 	 0 	 0 	 4.31872	
0 	 0 	 0 	 0 	 0 	 4.31884	
0 	 0 	 0 	 0 	 0 	 4.31874	
0 	 0 	 0 	 0 	 0 	 4.3187	
0 	 0 	 0 	 0 	 0 	 4.31855	
0 	 0 	 0 	 0 	 0 	 4.31845	
0 	 0 	 0 	 0 	 0 	 4.31825	
0 	 0 	 0 	 0 	 0 	 4.14727	
0 	 0 	 0 	 0 	 0 	 4.14499	
0 	 0 	 0 	 0 	 0 	 4.14912	
0 	 0 	 0 	 0 	 0 	 4.15402	
0 	 0 	 0 	 0 	 0 	 4.1593	
0 	 0 	 0 	 0 	 0 	 4.16267	
0 	 0 	 0 	 0 	 0 	 4.16515	
0 	 0 	 0 	 0 	 0 	 4.16624	
0 	 0 	 0 	 0 	 0 	 4.16658	
0 	 0 	 0 	 0 	 0 	 4.16535	
0 	 0 	 0 	 0 	 0 	 4.16631	
0 	 0 	 0 	 0 	 0 	 4.16637	
0 	 0 	 0 	 0 	 0 	 4.16704	
0 	 0 	 0 	 0 	 0 	 4.1674	
0 	 0 	 0 	 0 	 0 	 4.16763	
0 	 0 	 0 	 0 	 0 	 4.16773	
0 	 0 	 0 	 0 	 0 	 4.168	
0 	 0 	 0 	 0 	 0 	 4.16813	
0 	 0 	 0 	 0 	 0 	 4.16704	
0 	 0 	 0 	 0 	 0 	 4.16765	
0 	 0 	 0 	 0 	 0 	 4.16794	
0 	 0 	 0 	 0 	 0 	 4.16803	
0 	 0 	 0 	 0 	 0 	 4.16798	
0 	 0 	 0 	 0 	 0 	 4.16817	
0 	 0 	 0 	 0 	 0 	 4.16818	
0 	 0 	 0 	 0 	 0 	 4.00165	
0 	 0 	 0 	 0 	 0 	 3.99996	
0 	 0 	 0 	 0 	 0 	 4.00626	
0 	 0 	 0 	 0 	 0 	 4.01211	
0 	 0 	 0 	 0 	 0 	 4.01686	
0 	 0 	 0 	 0 	 0 	 4.01984	
0 	 0 	 0 	 0 	 0 	 4.02141	
0 	 0 	 0 	 0 	 0 	 4.02244	
0 	 0 	 0 	 0 	 0 	 4.0231	
0 	 0 	 0 	 0 	 0 	 4.02362	
0 	 0 	 0 	 0 	 0 	 4.02392	
0 	 0 	 0 	 0 	 0 	 4.02349	
0 	 0 	 0 	 0 	 0 	 4.02394	
0 	 0 	 0 	 0 	 0 	 4.02406	
0 	 0 	 0 	 0 	 0 	 4.02428	
0 	 0 	 0 	 0 	 0 	 4.02428	
0 	 0 	 0 	 0 	 0 	 4.0245	
0 	 0 	 0 	 0 	 0 	 4.02445	
0 	 0 	 0 	 0 	 0 	 4.02447	
0 	 0 	 0 	 0 	 0 	 4.02458	
0 	 0 	 0 	 0 	 0 	 4.02459	
0 	 0 	 0 	 0 	 0 	 4.02461	
0 	 0 	 0 	 0 	 0 	 4.02458	
0 	 0 	 0 	 0 	 0 	 4.02455	
0 	 0 	 0 	 0 	 0 	 4.02453	
0 	 0 	 0 	 0 	 0 	 3.86232	
0 	 0 	 0 	 0 	 0 	 3.85912	
0 	 0 	 0 	 0 	 0 	 3.86367	
0 	 0 	 0 	 0 	 0 	 3.86853	
0 	 0 	 0 	 0 	 0 	 3.87343	
0 	 0 	 0 	 0 	 0 	 3.87632	
0 	 0 	 0 	 0 	 0 	 3.87792	
0 	 0 	 0 	 0 	 0 	 3.8789	
0 	 0 	 0 	 0 	 0 	 3.87926	
0 	 0 	 0 	 0 	 0 	 3.87969	
0 	 0 	 0 	 0 	 0 	 3.87984	
0 	 0 	 0 	 0 	 0 	 3.87991	
0 	 0 	 0 	 0 	 0 	 3.87708	
0 	 0 	 0 	 0 	 0 	 3.87841	
0 	 0 	 0 	 0 	 0 	 3.87861	
0 	 0 	 0 	 0 	 0 	 3.87924	
0 	 0 	 0 	 0 	 0 	 3.8796	
0 	 0 	 0 	 0 	 0 	 3.87651	
0 	 0 	 0 	 0 	 0 	 3.87828	
0 	 0 	 0 	 0 	 0 	 3.8795	
0 	 0 	 0 	 0 	 0 	 3.87981	
0 	 0 	 0 	 0 	 0 	 3.87924	
0 	 0 	 0 	 0 	 0 	 3.87982	
0 	 0 	 0 	 0 	 0 	 3.88003	
0 	 0 	 0 	 0 	 0 	 3.88041	
0 	 0 	 0 	 0 	 0 	 3.72238	
0 	 0 	 0 	 0 	 0 	 3.72094	
0 	 0 	 0 	 0 	 0 	 3.72589	
0 	 0 	 0 	 0 	 0 	 3.73242	
0 	 0 	 0 	 0 	 0 	 3.73569	
0 	 0 	 0 	 0 	 0 	 3.73815	
0 	 0 	 0 	 0 	 0 	 3.73955	
0 	 0 	 0 	 0 	 0 	 3.73978	
0 	 0 	 0 	 0 	 0 	 3.74034	
0 	 0 	 0 	 0 	 0 	 3.74096	
0 	 0 	 0 	 0 	 0 	 3.74132	
0 	 0 	 0 	 0 	 0 	 3.74145	
0 	 0 	 0 	 0 	 0 	 3.7416	
0 	 0 	 0 	 0 	 0 	 3.74173	
0 	 0 	 0 	 0 	 0 	 3.74177	
0 	 0 	 0 	 0 	 0 	 3.74187	
0 	 0 	 0 	 0 	 0 	 3.74169	
0 	 0 	 0 	 0 	 0 	 3.74168	
0 	 0 	 0 	 0 	 0 	 3.74174	
0 	 0 	 0 	 0 	 0 	 3.74176	
0 	 0 	 0 	 0 	 0 	 3.74181	
0 	 0 	 0 	 0 	 0 	 3.74192	
0 	 0 	 0 	 0 	 0 	 3.74191	
0 	 0 	 0 	 0 	 0 	 3.74193	
0 	 0 	 0 	 0 	 0 	 3.74247	
0 	 0 	 0 	 0 	 0 	 3.58692	
0 	 0 	 0 	 0 	 0 	 3.58582	
0 	 0 	 0 	 0 	 0 	 3.58986	
0 	 0 	 0 	 0 	 0 	 3.59412	
0 	 0 	 0 	 0 	 0 	 3.59727	
0 	 0 	 0 	 0 	 0 	 3.59923	
0 	 0 	 0 	 0 	 0 	 3.60138	
0 	 0 	 0 	 0 	 0 	 3.60214	
0 	 0 	 0 	 0 	 0 	 3.6018	
0 	 0 	 0 	 0 	 0 	 3.60178	
0 	 0 	 0 	 0 	 0 	 3.60178	
0 	 0 	 0 	 0 	 0 	 3.60205	
0 	 0 	 0 	 0 	 0 	 3.60209	
0 	 0 	 0 	 0 	 0 	 3.60237	
0 	 0 	 0 	 0 	 0 	 3.60247	
0 	 0 	 0 	 0 	 0 	 3.60263	
0 	 0 	 0 	 0 	 0 	 3.60279	
0 	 0 	 0 	 0 	 0 	 3.60286	
0 	 0 	 0 	 0 	 0 	 3.60297	
0 	 0 	 0 	 0 	 0 	 3.60305	
0 	 0 	 0 	 0 	 0 	 3.60393	
0 	 0 	 0 	 0 	 0 	 3.60359	
0 	 0 	 0 	 0 	 0 	 3.6042	
0 	 0 	 0 	 0 	 0 	 3.60269	
0 	 0 	 0 	 0 	 0 	 3.60311	
0 	 0 	 0 	 0 	 0 	 3.45327	
0 	 0 	 0 	 0 	 0 	 3.4529	
0 	 0 	 0 	 0 	 0 	 3.45754	
0 	 0 	 0 	 0 	 0 	 3.46273	
0 	 0 	 0 	 0 	 0 	 3.46594	
0 	 0 	 0 	 0 	 0 	 3.46821	
0 	 0 	 0 	 0 	 0 	 3.46968	
0 	 0 	 0 	 0 	 0 	 3.47033	
0 	 0 	 0 	 0 	 0 	 3.47027	
0 	 0 	 0 	 0 	 0 	 3.47059	
0 	 0 	 0 	 0 	 0 	 3.47103	
0 	 0 	 0 	 0 	 0 	 3.47101	
0 	 0 	 0 	 0 	 0 	 3.47106	
0 	 0 	 0 	 0 	 0 	 3.47111	
0 	 0 	 0 	 0 	 0 	 3.47122	
0 	 0 	 0 	 0 	 0 	 3.47089	
0 	 0 	 0 	 0 	 0 	 3.4719	
0 	 0 	 0 	 0 	 0 	 3.47122	
0 	 0 	 0 	 0 	 0 	 3.4713	
0 	 0 	 0 	 0 	 0 	 3.47151	
0 	 0 	 0 	 0 	 0 	 3.47153	
0 	 0 	 0 	 0 	 0 	 3.47152	
0 	 0 	 0 	 0 	 0 	 3.47152	
0 	 0 	 0 	 0 	 0 	 3.47153	
0 	 0 	 0 	 0 	 0 	 3.47149	
0 	 0 	 0 	 0 	 0 	 3.32394	
0 	 0 	 0 	 0 	 0 	 3.3218	
0 	 0 	 0 	 0 	 0 	 3.32475	
0 	 0 	 0 	 0 	 0 	 3.32866	
0 	 0 	 0 	 0 	 0 	 3.33332	
0 	 0 	 0 	 0 	 0 	 3.33709	
0 	 0 	 0 	 0 	 0 	 3.33827	
0 	 0 	 0 	 0 	 0 	 3.33862	
0 	 0 	 0 	 0 	 0 	 3.33832	
0 	 0 	 0 	 0 	 0 	 3.3378	
0 	 0 	 0 	 0 	 0 	 3.33854	
0 	 0 	 0 	 0 	 0 	 3.33896	
0 	 0 	 0 	 0 	 0 	 3.33904	
0 	 0 	 0 	 0 	 0 	 3.33902	
0 	 0 	 0 	 0 	 0 	 3.33913	
0 	 0 	 0 	 0 	 0 	 3.339	
0 	 0 	 0 	 0 	 0 	 3.33911	
0 	 0 	 0 	 0 	 0 	 3.33907	
0 	 0 	 0 	 0 	 0 	 3.33923	
0 	 0 	 0 	 0 	 0 	 3.33925	
0 	 0 	 0 	 0 	 0 	 3.33925	
0 	 0 	 0 	 0 	 0 	 3.33871	
0 	 0 	 0 	 0 	 0 	 3.33927	
0 	 0 	 0 	 0 	 0 	 3.33933	
0 	 0 	 0 	 0 	 0 	 3.33943	
0 	 0 	 0 	 0 	 0 	 3.19713	
0 	 0 	 0 	 0 	 0 	 3.19716	
0 	 0 	 0 	 0 	 0 	 3.2007	
0 	 0 	 0 	 0 	 0 	 3.20498	
0 	 0 	 0 	 0 	 0 	 3.20801	
0 	 0 	 0 	 0 	 0 	 3.21057	
0 	 0 	 0 	 0 	 0 	 3.21177	
0 	 0 	 0 	 0 	 0 	 3.21225	
0 	 0 	 0 	 0 	 0 	 3.2126	
0 	 0 	 0 	 0 	 0 	 3.21262	
0 	 0 	 0 	 0 	 0 	 3.21286	
0 	 0 	 0 	 0 	 0 	 3.21313	
0 	 0 	 0 	 0 	 0 	 3.21303	
0 	 0 	 0 	 0 	 0 	 3.21705	
0 	 0 	 0 	 0 	 0 	 3.21497	
0 	 0 	 0 	 0 	 0 	 3.21473	
0 	 0 	 0 	 0 	 0 	 3.2146	
0 	 0 	 0 	 0 	 0 	 3.21427	
0 	 0 	 0 	 0 	 0 	 3.21398	
0 	 0 	 0 	 0 	 0 	 3.21373	
0 	 0 	 0 	 0 	 0 	 3.21359	
0 	 0 	 0 	 0 	 0 	 3.21359	
0 	 0 	 0 	 0 	 0 	 3.21324	
0 	 0 	 0 	 0 	 0 	 3.21351	
0 	 0 	 0 	 0 	 0 	 3.21355	
0 	 0 	 0 	 0 	 0 	 3.07526	
0 	 0 	 0 	 0 	 0 	 3.0736	
0 	 0 	 0 	 0 	 0 	 3.07586	
0 	 0 	 0 	 0 	 0 	 3.0796	
0 	 0 	 0 	 0 	 0 	 3.08213	
0 	 0 	 0 	 0 	 0 	 3.08457	
0 	 0 	 0 	 0 	 0 	 3.08593	
0 	 0 	 0 	 0 	 0 	 3.0862	
0 	 0 	 0 	 0 	 0 	 3.08678	
0 	 0 	 0 	 0 	 0 	 3.08685	
0 	 0 	 0 	 0 	 0 	 3.08698	
0 	 0 	 0 	 0 	 0 	 3.08674	
0 	 0 	 0 	 0 	 0 	 3.08663	
0 	 0 	 0 	 0 	 0 	 3.0866	
0 	 0 	 0 	 0 	 0 	 3.08661	
0 	 0 	 0 	 0 	 0 	 3.0867	
0 	 0 	 0 	 0 	 0 	 3.08685	
0 	 0 	 0 	 0 	 0 	 3.08693	
0 	 0 	 0 	 0 	 0 	 3.08683	
0 	 0 	 0 	 0 	 0 	 3.08672	
0 	 0 	 0 	 0 	 0 	 3.08666	
0 	 0 	 0 	 0 	 0 	 3.08738	
0 	 0 	 0 	 0 	 0 	 3.08717	
0 	 0 	 0 	 0 	 0 	 3.08709	
0 	 0 	 0 	 0 	 0 	 3.08695	
0 	 0 	 0 	 0 	 0 	 2.95224	
0 	 0 	 0 	 0 	 0 	 2.95264	
0 	 0 	 0 	 0 	 0 	 2.95581	
0 	 0 	 0 	 0 	 0 	 2.95969	
0 	 0 	 0 	 0 	 0 	 2.96251	
0 	 0 	 0 	 0 	 0 	 2.96986	
0 	 0 	 0 	 0 	 0 	 2.96827	
0 	 0 	 0 	 0 	 0 	 2.96763	
0 	 0 	 0 	 0 	 0 	 2.96756	
0 	 0 	 0 	 0 	 0 	 2.96734	
0 	 0 	 0 	 0 	 0 	 2.96721	
0 	 0 	 0 	 0 	 0 	 2.96704	
0 	 0 	 0 	 0 	 0 	 2.96693	
0 	 0 	 0 	 0 	 0 	 2.96699	
0 	 0 	 0 	 0 	 0 	 2.96706	
0 	 0 	 0 	 0 	 0 	 2.96704	
0 	 0 	 0 	 0 	 0 	 2.96708	
0 	 0 	 0 	 0 	 0 	 2.96704	
0 	 0 	 0 	 0 	 0 	 2.96708	
0 	 0 	 0 	 0 	 0 	 2.96713	
0 	 0 	 0 	 0 	 0 	 2.96706	
0 	 0 	 0 	 0 	 0 	 2.96725	
0 	 0 	 0 	 0 	 0 	 2.96732	
0 	 0 	 0 	 0 	 0 	 2.96742	
0 	 0 	 0 	 0 	 0 	 2.96737	
0 	 0 	 0 	 0 	 0 	 2.83748	
0 	 0 	 0 	 0 	 0 	 2.83561	
0 	 0 	 0 	 0 	 0 	 2.83791	
0 	 0 	 0 	 0 	 0 	 2.84093	
0 	 0 	 0 	 0 	 0 	 2.84368	
0 	 0 	 0 	 0 	 0 	 2.84566	
0 	 0 	 0 	 0 	 0 	 2.84673	
0 	 0 	 0 	 0 	 0 	 2.84695	
0 	 0 	 0 	 0 	 0 	 2.84705	
0 	 0 	 0 	 0 	 0 	 2.84802	
0 	 0 	 0 	 0 	 0 	 2.84756	
0 	 0 	 0 	 0 	 0 	 2.84714	
0 	 0 	 0 	 0 	 0 	 2.84731	
0 	 0 	 0 	 0 	 0 	 2.84736	
0 	 0 	 0 	 0 	 0 	 2.84738	
0 	 0 	 0 	 0 	 0 	 2.84762	
0 	 0 	 0 	 0 	 0 	 2.84763	
0 	 0 	 0 	 0 	 0 	 2.84769	
0 	 0 	 0 	 0 	 0 	 2.84757	
0 	 0 	 0 	 0 	 0 	 2.84765	
0 	 0 	 0 	 0 	 0 	 2.84769	
0 	 0 	 0 	 0 	 0 	 2.84765	
0 	 0 	 0 	 0 	 0 	 2.84761	
0 	 0 	 0 	 0 	 0 	 2.84764	
0 	 0 	 0 	 0 	 0 	 2.84778	
0 	 0 	 0 	 0 	 0 	 2.723	
0 	 0 	 0 	 0 	 0 	 2.72206	
0 	 0 	 0 	 0 	 0 	 2.72501	
0 	 0 	 0 	 0 	 0 	 2.72826	
0 	 0 	 0 	 0 	 0 	 2.73027	
0 	 0 	 0 	 0 	 0 	 2.73158	
0 	 0 	 0 	 0 	 0 	 2.73215	
0 	 0 	 0 	 0 	 0 	 2.73278	
0 	 0 	 0 	 0 	 0 	 2.73293	
0 	 0 	 0 	 0 	 0 	 2.733	
0 	 0 	 0 	 0 	 0 	 2.73299	
0 	 0 	 0 	 0 	 0 	 2.73306	
0 	 0 	 0 	 0 	 0 	 2.73205	
0 	 0 	 0 	 0 	 0 	 2.73267	
0 	 0 	 0 	 0 	 0 	 2.73279	
0 	 0 	 0 	 0 	 0 	 2.73283	
0 	 0 	 0 	 0 	 0 	 2.733	
0 	 0 	 0 	 0 	 0 	 2.73317	
0 	 0 	 0 	 0 	 0 	 2.73336	
0 	 0 	 0 	 0 	 0 	 2.73335	
0 	 0 	 0 	 0 	 0 	 2.73325	
0 	 0 	 0 	 0 	 0 	 2.73338	
0 	 0 	 0 	 0 	 0 	 2.73343	
0 	 0 	 0 	 0 	 0 	 2.73351	
0 	 0 	 0 	 0 	 0 	 2.73356	
0 	 0 	 0 	 0 	 0 	 2.61123	
0 	 0 	 0 	 0 	 0 	 2.61018	
0 	 0 	 0 	 0 	 0 	 2.61164	
0 	 0 	 0 	 0 	 0 	 2.61398	
0 	 0 	 0 	 0 	 0 	 2.61684	
0 	 0 	 0 	 0 	 0 	 2.61829	
0 	 0 	 0 	 0 	 0 	 2.61886	
0 	 0 	 0 	 0 	 0 	 2.61912	
0 	 0 	 0 	 0 	 0 	 2.61899	
0 	 0 	 0 	 0 	 0 	 2.61972	
0 	 0 	 0 	 0 	 0 	 2.6199	
0 	 0 	 0 	 0 	 0 	 2.61984	
0 	 0 	 0 	 0 	 0 	 2.62011	
0 	 0 	 0 	 0 	 0 	 2.62005	
0 	 0 	 0 	 0 	 0 	 2.6196	
0 	 0 	 0 	 0 	 0 	 2.61986	
0 	 0 	 0 	 0 	 0 	 2.62046	
0 	 0 	 0 	 0 	 0 	 2.62025	
0 	 0 	 0 	 0 	 0 	 2.62066	
0 	 0 	 0 	 0 	 0 	 2.62036	
0 	 0 	 0 	 0 	 0 	 2.62015	
0 	 0 	 0 	 0 	 0 	 2.61725	
0 	 0 	 0 	 0 	 0 	 2.6186	
0 	 0 	 0 	 0 	 0 	 2.61895	
0 	 0 	 0 	 0 	 0 	 2.61608	
0 	 0 	 0 	 0 	 0 	 2.49895	
0 	 0 	 0 	 0 	 0 	 2.50014	
0 	 0 	 0 	 0 	 0 	 2.50366	
0 	 0 	 0 	 0 	 0 	 2.50729	
0 	 0 	 0 	 0 	 0 	 2.50928	
0 	 0 	 0 	 0 	 0 	 2.51005	
0 	 0 	 0 	 0 	 0 	 2.51092	
0 	 0 	 0 	 0 	 0 	 2.51133	
0 	 0 	 0 	 0 	 0 	 2.5115	
0 	 0 	 0 	 0 	 0 	 2.51174	
0 	 0 	 0 	 0 	 0 	 2.51193	
0 	 0 	 0 	 0 	 0 	 2.51195	
0 	 0 	 0 	 0 	 0 	 2.5119	
0 	 0 	 0 	 0 	 0 	 2.51196	
0 	 0 	 0 	 0 	 0 	 2.51198	
0 	 0 	 0 	 0 	 0 	 2.51201	
0 	 0 	 0 	 0 	 0 	 2.51203	
0 	 0 	 0 	 0 	 0 	 2.51271	
0 	 0 	 0 	 0 	 0 	 2.51237	
0 	 0 	 0 	 0 	 0 	 2.51219	
0 	 0 	 0 	 0 	 0 	 2.51229	
0 	 0 	 0 	 0 	 0 	 2.51224	
0 	 0 	 0 	 0 	 0 	 2.51229	
0 	 0 	 0 	 0 	 0 	 2.51232	
0 	 0 	 0 	 0 	 0 	 2.51219	
0 	 0 	 0 	 0 	 0 	 2.39739	
0 	 0 	 0 	 0 	 0 	 2.3962	
0 	 0 	 0 	 0 	 0 	 2.39728	
0 	 0 	 0 	 0 	 0 	 2.39903	
0 	 0 	 0 	 0 	 0 	 2.40078	
0 	 0 	 0 	 0 	 0 	 2.40189	
0 	 0 	 0 	 0 	 0 	 2.40269	
0 	 0 	 0 	 0 	 0 	 2.40289	
0 	 0 	 0 	 0 	 0 	 2.40323	
0 	 0 	 0 	 0 	 0 	 2.40351	
0 	 0 	 0 	 0 	 0 	 2.40388	
0 	 0 	 0 	 0 	 0 	 2.40376	
0 	 0 	 0 	 0 	 0 	 2.40384	
0 	 0 	 0 	 0 	 0 	 2.40387	
0 	 0 	 0 	 0 	 0 	 2.40357	
0 	 0 	 0 	 0 	 0 	 2.40353	
0 	 0 	 0 	 0 	 0 	 2.40362	
0 	 0 	 0 	 0 	 0 	 2.40379	
0 	 0 	 0 	 0 	 0 	 2.40354	
0 	 0 	 0 	 0 	 0 	 2.40348	
0 	 0 	 0 	 0 	 0 	 2.40351	
0 	 0 	 0 	 0 	 0 	 2.40363	
0 	 0 	 0 	 0 	 0 	 2.40353	
0 	 0 	 0 	 0 	 0 	 2.4039	
0 	 0 	 0 	 0 	 0 	 2.40339	
0 	 0 	 0 	 0 	 0 	 2.29295	
0 	 0 	 0 	 0 	 0 	 2.29281	
0 	 0 	 0 	 0 	 0 	 2.29505	
0 	 0 	 0 	 0 	 0 	 2.29747	
0 	 0 	 0 	 0 	 0 	 2.29904	
0 	 0 	 0 	 0 	 0 	 2.30002	
0 	 0 	 0 	 0 	 0 	 2.30066	
0 	 0 	 0 	 0 	 0 	 2.30119	
0 	 0 	 0 	 0 	 0 	 2.30135	
0 	 0 	 0 	 0 	 0 	 2.30132	
0 	 0 	 0 	 0 	 0 	 2.30137	
0 	 0 	 0 	 0 	 0 	 2.3014	
0 	 0 	 0 	 0 	 0 	 2.30145	
0 	 0 	 0 	 0 	 0 	 2.30149	
0 	 0 	 0 	 0 	 0 	 2.30143	
0 	 0 	 0 	 0 	 0 	 2.30146	
0 	 0 	 0 	 0 	 0 	 2.30145	
0 	 0 	 0 	 0 	 0 	 2.30149	
0 	 0 	 0 	 0 	 0 	 2.30154	
0 	 0 	 0 	 0 	 0 	 2.30157	
0 	 0 	 0 	 0 	 0 	 2.30162	
0 	 0 	 0 	 0 	 0 	 2.30177	
0 	 0 	 0 	 0 	 0 	 2.30167	
0 	 0 	 0 	 0 	 0 	 2.30159	
0 	 0 	 0 	 0 	 0 	 2.30169	
0 	 0 	 0 	 0 	 0 	 2.19455	
0 	 0 	 0 	 0 	 0 	 2.19347	
0 	 0 	 0 	 0 	 0 	 2.19425	
0 	 0 	 0 	 0 	 0 	 2.19569	
0 	 0 	 0 	 0 	 0 	 2.19694	
0 	 0 	 0 	 0 	 0 	 2.19816	
0 	 0 	 0 	 0 	 0 	 2.19921	
0 	 0 	 0 	 0 	 0 	 2.19964	
0 	 0 	 0 	 0 	 0 	 2.19966	
0 	 0 	 0 	 0 	 0 	 2.19962	
0 	 0 	 0 	 0 	 0 	 2.19955	
0 	 0 	 0 	 0 	 0 	 2.19957	
0 	 0 	 0 	 0 	 0 	 2.19988	
0 	 0 	 0 	 0 	 0 	 2.19972	
0 	 0 	 0 	 0 	 0 	 2.19977	
0 	 0 	 0 	 0 	 0 	 2.19977	
0 	 0 	 0 	 0 	 0 	 2.19986	
0 	 0 	 0 	 0 	 0 	 2.19985	
0 	 0 	 0 	 0 	 0 	 2.19968	
0 	 0 	 0 	 0 	 0 	 2.1998	
0 	 0 	 0 	 0 	 0 	 2.19981	
0 	 0 	 0 	 0 	 0 	 2.19996	
0 	 0 	 0 	 0 	 0 	 2.19981	
0 	 0 	 0 	 0 	 0 	 2.19956	
0 	 0 	 0 	 0 	 0 	 2.19977	
0 	 0 	 0 	 0 	 0 	 2.0964	
0 	 0 	 0 	 0 	 0 	 2.0951	
0 	 0 	 0 	 0 	 0 	 2.09769	
0 	 0 	 0 	 0 	 0 	 2.0999	
0 	 0 	 0 	 0 	 0 	 2.10128	
0 	 0 	 0 	 0 	 0 	 2.10217	
0 	 0 	 0 	 0 	 0 	 2.10266	
0 	 0 	 0 	 0 	 0 	 2.10301	
0 	 0 	 0 	 0 	 0 	 2.1031	
0 	 0 	 0 	 0 	 0 	 2.10325	
0 	 0 	 0 	 0 	 0 	 2.10339	
0 	 0 	 0 	 0 	 0 	 2.10338	
0 	 0 	 0 	 0 	 0 	 2.10339	
0 	 0 	 0 	 0 	 0 	 2.1034	
0 	 0 	 0 	 0 	 0 	 2.10349	
0 	 0 	 0 	 0 	 0 	 2.10362	
0 	 0 	 0 	 0 	 0 	 2.1036	
0 	 0 	 0 	 0 	 0 	 2.10362	
0 	 0 	 0 	 0 	 0 	 2.10362	
0 	 0 	 0 	 0 	 0 	 2.10359	
0 	 0 	 0 	 0 	 0 	 2.10363	
0 	 0 	 0 	 0 	 0 	 2.10366	
0 	 0 	 0 	 0 	 0 	 2.10363	
0 	 0 	 0 	 0 	 0 	 2.10367	
0 	 0 	 0 	 0 	 0 	 2.1037	
0 	 0 	 0 	 0 	 0 	 2.00448	
0 	 0 	 0 	 0 	 0 	 2.00322	
0 	 0 	 0 	 0 	 0 	 2.004	
0 	 0 	 0 	 0 	 0 	 2.005	
0 	 0 	 0 	 0 	 0 	 2.00624	
0 	 0 	 0 	 0 	 0 	 2.0069	
0 	 0 	 0 	 0 	 0 	 2.0071	
0 	 0 	 0 	 0 	 0 	 2.00722	
0 	 0 	 0 	 0 	 0 	 2.00728	
0 	 0 	 0 	 0 	 0 	 2.00734	
0 	 0 	 0 	 0 	 0 	 2.00751	
0 	 0 	 0 	 0 	 0 	 2.00749	
0 	 0 	 0 	 0 	 0 	 2.00752	
0 	 0 	 0 	 0 	 0 	 2.00758	
0 	 0 	 0 	 0 	 0 	 2.00759	
0 	 0 	 0 	 0 	 0 	 2.0054	
0 	 0 	 0 	 0 	 0 	 2.00653	
0 	 0 	 0 	 0 	 0 	 2.00676	
0 	 0 	 0 	 0 	 0 	 2.00681	
0 	 0 	 0 	 0 	 0 	 2.00712	
0 	 0 	 0 	 0 	 0 	 2.00539	
0 	 0 	 0 	 0 	 0 	 2.00659	
0 	 0 	 0 	 0 	 0 	 2.00684	
0 	 0 	 0 	 0 	 0 	 2.00692	
0 	 0 	 0 	 0 	 0 	 2.00708	
0 	 0 	 0 	 0 	 0 	 1.91162	
0 	 0 	 0 	 0 	 0 	 1.91122	
0 	 0 	 0 	 0 	 0 	 1.91224	
0 	 0 	 0 	 0 	 0 	 1.91332	
0 	 0 	 0 	 0 	 0 	 1.9143	
0 	 0 	 0 	 0 	 0 	 1.91494	
0 	 0 	 0 	 0 	 0 	 1.91535	
0 	 0 	 0 	 0 	 0 	 1.91559	
0 	 0 	 0 	 0 	 0 	 1.91597	
0 	 0 	 0 	 0 	 0 	 1.91598	
0 	 0 	 0 	 0 	 0 	 1.9161	
0 	 0 	 0 	 0 	 0 	 1.9162	
0 	 0 	 0 	 0 	 0 	 1.91616	
0 	 0 	 0 	 0 	 0 	 1.91613	
0 	 0 	 0 	 0 	 0 	 1.91615	
0 	 0 	 0 	 0 	 0 	 1.91611	
0 	 0 	 0 	 0 	 0 	 1.91618	
0 	 0 	 0 	 0 	 0 	 1.91613	
0 	 0 	 0 	 0 	 0 	 1.9162	
0 	 0 	 0 	 0 	 0 	 1.91622	
0 	 0 	 0 	 0 	 0 	 1.91625	
0 	 0 	 0 	 0 	 0 	 1.91631	
0 	 0 	 0 	 0 	 0 	 1.91633	
0 	 0 	 0 	 0 	 0 	 1.91651	
0 	 0 	 0 	 0 	 0 	 1.91643	
0 	 0 	 0 	 0 	 0 	 1.8233	
0 	 0 	 0 	 0 	 0 	 1.82321	
0 	 0 	 0 	 0 	 0 	 1.82363	
0 	 0 	 0 	 0 	 0 	 1.82427	
0 	 0 	 0 	 0 	 0 	 1.82463	
0 	 0 	 0 	 0 	 0 	 1.82566	
0 	 0 	 0 	 0 	 0 	 1.82579	
0 	 0 	 0 	 0 	 0 	 1.82594	
0 	 0 	 0 	 0 	 0 	 1.82592	
0 	 0 	 0 	 0 	 0 	 1.82608	
0 	 0 	 0 	 0 	 0 	 1.82625	
0 	 0 	 0 	 0 	 0 	 1.82593	
0 	 0 	 0 	 0 	 0 	 1.82589	
0 	 0 	 0 	 0 	 0 	 1.82568	
0 	 0 	 0 	 0 	 0 	 1.82598	
0 	 0 	 0 	 0 	 0 	 1.82601	
0 	 0 	 0 	 0 	 0 	 1.82588	
0 	 0 	 0 	 0 	 0 	 1.82557	
0 	 0 	 0 	 0 	 0 	 1.82586	
0 	 0 	 0 	 0 	 0 	 1.82634	
0 	 0 	 0 	 0 	 0 	 1.82609	
0 	 0 	 0 	 0 	 0 	 1.82618	
0 	 0 	 0 	 0 	 0 	 1.82597	
0 	 0 	 0 	 0 	 0 	 1.82596	
0 	 0 	 0 	 0 	 0 	 1.82615	
0 	 0 	 0 	 0 	 0 	 1.73729	
0 	 0 	 0 	 0 	 0 	 1.73708	
0 	 0 	 0 	 0 	 0 	 1.73799	
0 	 0 	 0 	 0 	 0 	 1.73899	
0 	 0 	 0 	 0 	 0 	 1.73956	
0 	 0 	 0 	 0 	 0 	 1.7421	
0 	 0 	 0 	 0 	 0 	 1.74118	
0 	 0 	 0 	 0 	 0 	 1.74114	
0 	 0 	 0 	 0 	 0 	 1.74115	
0 	 0 	 0 	 0 	 0 	 1.74082	
0 	 0 	 0 	 0 	 0 	 1.74082	
0 	 0 	 0 	 0 	 0 	 1.7408	
0 	 0 	 0 	 0 	 0 	 1.74036	
0 	 0 	 0 	 0 	 0 	 1.74057	
0 	 0 	 0 	 0 	 0 	 1.74077	
0 	 0 	 0 	 0 	 0 	 1.74076	
0 	 0 	 0 	 0 	 0 	 1.74077	
0 	 0 	 0 	 0 	 0 	 1.74082	
0 	 0 	 0 	 0 	 0 	 1.7405	
0 	 0 	 0 	 0 	 0 	 1.74066	
0 	 0 	 0 	 0 	 0 	 1.74089	
0 	 0 	 0 	 0 	 0 	 1.74066	
0 	 0 	 0 	 0 	 0 	 1.74074	
0 	 0 	 0 	 0 	 0 	 1.74076	
0 	 0 	 0 	 0 	 0 	 1.74078	
0 	 0 	 0 	 0 	 0 	 1.65447	
0 	 0 	 0 	 0 	 0 	 1.65373	
0 	 0 	 0 	 0 	 0 	 1.65451	
0 	 0 	 0 	 0 	 0 	 1.65469	
0 	 0 	 0 	 0 	 0 	 1.65475	
0 	 0 	 0 	 0 	 0 	 1.65503	
0 	 0 	 0 	 0 	 0 	 1.65514	
0 	 0 	 0 	 0 	 0 	 1.65522	
0 	 0 	 0 	 0 	 0 	 1.65517	
0 	 0 	 0 	 0 	 0 	 1.65514	
0 	 0 	 0 	 0 	 0 	 1.65536	
0 	 0 	 0 	 0 	 0 	 1.65534	
0 	 0 	 0 	 0 	 0 	 1.65527	
0 	 0 	 0 	 0 	 0 	 1.65539	
0 	 0 	 0 	 0 	 0 	 1.65539	
0 	 0 	 0 	 0 	 0 	 1.65552	
0 	 0 	 0 	 0 	 0 	 1.65543	
0 	 0 	 0 	 0 	 0 	 1.6553	
0 	 0 	 0 	 0 	 0 	 1.65545	
0 	 0 	 0 	 0 	 0 	 1.6555	
0 	 0 	 0 	 0 	 0 	 1.65545	
0 	 0 	 0 	 0 	 0 	 1.65534	
0 	 0 	 0 	 0 	 0 	 1.65489	
0 	 0 	 0 	 0 	 0 	 1.65503	
0 	 0 	 0 	 0 	 0 	 1.6558	
0 	 0 	 0 	 0 	 0 	 1.57347	
0 	 0 	 0 	 0 	 0 	 1.57355	
0 	 0 	 0 	 0 	 0 	 1.57409	
0 	 0 	 0 	 0 	 0 	 1.57458	
0 	 0 	 0 	 0 	 0 	 1.57457	
0 	 0 	 0 	 0 	 0 	 1.5749	
0 	 0 	 0 	 0 	 0 	 1.5751	
0 	 0 	 0 	 0 	 0 	 1.57521	
0 	 0 	 0 	 0 	 0 	 1.57553	
0 	 0 	 0 	 0 	 0 	 1.57461	
0 	 0 	 0 	 0 	 0 	 1.57517	
0 	 0 	 0 	 0 	 0 	 1.57532	
0 	 0 	 0 	 0 	 0 	 1.57538	
0 	 0 	 0 	 0 	 0 	 1.57547	
0 	 0 	 0 	 0 	 0 	 1.57558	
0 	 0 	 0 	 0 	 0 	 1.57569	
0 	 0 	 0 	 0 	 0 	 1.5757	
0 	 0 	 0 	 0 	 0 	 1.57569	
0 	 0 	 0 	 0 	 0 	 1.57572	
0 	 0 	 0 	 0 	 0 	 1.57568	
0 	 0 	 0 	 0 	 0 	 1.57589	
0 	 0 	 0 	 0 	 0 	 1.57576	
0 	 0 	 0 	 0 	 0 	 1.5757	
0 	 0 	 0 	 0 	 0 	 1.57573	
0 	 0 	 0 	 0 	 0 	 1.57575	
0 	 0 	 0 	 0 	 0 	 1.49555	
0 	 0 	 0 	 0 	 0 	 1.4954	
0 	 0 	 0 	 0 	 0 	 1.49557	
0 	 0 	 0 	 0 	 0 	 1.49578	
0 	 0 	 0 	 0 	 0 	 1.49613	
0 	 0 	 0 	 0 	 0 	 1.49649	
0 	 0 	 0 	 0 	 0 	 1.49672	
0 	 0 	 0 	 0 	 0 	 1.49681	
0 	 0 	 0 	 0 	 0 	 1.49686	
0 	 0 	 0 	 0 	 0 	 1.4968	
0 	 0 	 0 	 0 	 0 	 1.49681	
0 	 0 	 0 	 0 	 0 	 1.49682	
0 	 0 	 0 	 0 	 0 	 1.49685	
0 	 0 	 0 	 0 	 0 	 1.49679	
0 	 0 	 0 	 0 	 0 	 1.49683	
0 	 0 	 0 	 0 	 0 	 1.49684	
0 	 0 	 0 	 0 	 0 	 1.49704	
0 	 0 	 0 	 0 	 0 	 1.49696	
0 	 0 	 0 	 0 	 0 	 1.49694	
0 	 0 	 0 	 0 	 0 	 1.49691	
0 	 0 	 0 	 0 	 0 	 1.4969	
0 	 0 	 0 	 0 	 0 	 1.49689	
0 	 0 	 0 	 0 	 0 	 1.49688	
0 	 0 	 0 	 0 	 0 	 1.49692	
0 	 0 	 0 	 0 	 0 	 1.4969	
0 	 0 	 0 	 0 	 0 	 1.42021	
0 	 0 	 0 	 0 	 0 	 1.42018	
0 	 0 	 0 	 0 	 0 	 1.42052	
0 	 0 	 0 	 0 	 0 	 1.42079	
0 	 0 	 0 	 0 	 0 	 1.42112	
0 	 0 	 0 	 0 	 0 	 1.42134	
0 	 0 	 0 	 0 	 0 	 1.42157	
0 	 0 	 0 	 0 	 0 	 1.42175	
0 	 0 	 0 	 0 	 0 	 1.42178	
0 	 0 	 0 	 0 	 0 	 1.4218	
0 	 0 	 0 	 0 	 0 	 1.42172	
0 	 0 	 0 	 0 	 0 	 1.4217	
0 	 0 	 0 	 0 	 0 	 1.42149	
0 	 0 	 0 	 0 	 0 	 1.42154	
0 	 0 	 0 	 0 	 0 	 1.42277	
0 	 0 	 0 	 0 	 0 	 1.42228	
0 	 0 	 0 	 0 	 0 	 1.42205	
0 	 0 	 0 	 0 	 0 	 1.42203	
0 	 0 	 0 	 0 	 0 	 1.42193	
0 	 0 	 0 	 0 	 0 	 1.42185	
0 	 0 	 0 	 0 	 0 	 1.42176	
0 	 0 	 0 	 0 	 0 	 1.42173	
0 	 0 	 0 	 0 	 0 	 1.4217	
0 	 0 	 0 	 0 	 0 	 1.42173	
0 	 0 	 0 	 0 	 0 	 1.42171	
0 	 0 	 0 	 0 	 0 	 1.34792	
0 	 0 	 0 	 0 	 0 	 1.34778	
0 	 0 	 0 	 0 	 0 	 1.34779	
0 	 0 	 0 	 0 	 0 	 1.34748	
0 	 0 	 0 	 0 	 0 	 1.34776	
0 	 0 	 0 	 0 	 0 	 1.34803	
0 	 0 	 0 	 0 	 0 	 1.34824	
0 	 0 	 0 	 0 	 0 	 1.34834	
0 	 0 	 0 	 0 	 0 	 1.34836	
0 	 0 	 0 	 0 	 0 	 1.34826	
0 	 0 	 0 	 0 	 0 	 1.34827	
0 	 0 	 0 	 0 	 0 	 1.34823	
0 	 0 	 0 	 0 	 0 	 1.34824	
0 	 0 	 0 	 0 	 0 	 1.34825	
0 	 0 	 0 	 0 	 0 	 1.34826	
0 	 0 	 0 	 0 	 0 	 1.34816	
0 	 0 	 0 	 0 	 0 	 1.34811	
0 	 0 	 0 	 0 	 0 	 1.34818	
0 	 0 	 0 	 0 	 0 	 1.34819	
0 	 0 	 0 	 0 	 0 	 1.34821	
0 	 0 	 0 	 0 	 0 	 1.34822	
0 	 0 	 0 	 0 	 0 	 1.34827	
0 	 0 	 0 	 0 	 0 	 1.34823	
0 	 0 	 0 	 0 	 0 	 1.34824	
0 	 0 	 0 	 0 	 0 	 1.34825	
