AgentState_t	AgentState_x0	AgentState_u0	AgentState_v0	Cost	Debug_Cost
0	0.5	0	0 	 0.00720697	0	
0.1	0.689621	0.2	0 	 0.00821052	1.48282e-05	
0.2	0.866706	0.2	0 	 0.00794371	7.98643e-06	
0.3	1.0375	0.2	0 	 0.00745255	1.25788e-05	
0.4	1.20341	0.2	0 	 0.00720008	0.0011717	
0.5	1.36521	0.2	0 	 0.00680431	0.00176562	
0.6	1.52343	0.2	0 	 0.00636854	0.0024319	
0.7	1.67845	0.2	0 	 0.00613242	0.00353182	
0.8	1.83057	0.2	0 	 0.00560653	0.00512859	
0.9	1.98004	0.2	0 	 0.00538913	0.00642041	
1	2.12704	0.2	0 	 0.00505936	0.007208	
1.1	2.27174	0.2	0 	 0.00451487	0.00721715	
1.2	2.41429	0.2	0 	 0.00422345	0.00809484	
1.3	2.55481	0.2	0 	 0.00376003	0.00818293	
1.4	2.6934	0.2	0 	 0.0034748	0.0083211	
1.5	2.83017	0.2	0 	 0.00318213	0.00814046	
1.6	2.9652	0.2	0 	 0.00267939	0.00737301	
1.7	3.05662	0.157741	0 	 0.00228964	0.00725028	
1.8	2.99046	0	0 	 0.00172616	0.00730764	
1.9	3.01438	0.0894474	0 	 0.00184798	0.00803398	
2	2.97579	0.0264912	0 	 0.0017245	0.00816047	
2.1	3.03917	0.128333	0 	 0.00201108	0.00824557	
2.2	2.97456	0	0 	 0.00170319	0.00818937	
2.3	3.02589	0.115542	0 	 0.00190224	0.00787056	
2.4	2.9621	0	0 	 0.00169795	0.00720697	
2.5	3.04763	0.149192	0 	 0.00208676	0.00813567	
2.6	2.98412	0	0 	 0.00160698	0.0082086	
2.7	3.02149	0.100381	0 	 0.0017583	0.00808963	
2.8	2.95898	0	0 	 0.00163241	0.00814042	
2.9	3.03619	0.139544	0 	 0.00194599	0.00739941	
3	2.97404	0	0 	 0.00157037	0.00738592	
3.1	3.01506	0.10271	0 	 0.00170754	0.00738645	
3.2	2.95935	0.00557291	0 	 0.00156636	0.0072058	
3.3	3.01974	0.121422	0 	 0.00177051	0.00825085	
3.4	2.959	0	0 	 0.00152744	0.00821513	
3.5	3.02021	0.121674	0 	 0.00173629	0.00814067	
3.6	2.97371	0.0137823	0 	 0.00145401	0.0078577	
3.7	3.03261	0.119021	0 	 0.00169898	0.00738268	
3.8	2.9728	0	0 	 0.001441	0.00738278	
3.9	3.021	0.10766	0 	 0.00160731	0.00741976	
4	2.96193	0	0 	 0.00142473	0.00792732	
4.1	3.02861	0.125548	0 	 0.00167794	0.00822638	
4.2	2.96996	0	0 	 0.00138498	0.00821439	
4.3	3.01511	0.103419	0 	 0.00152128	0.00820627	
4.4	2.96944	0.0123147	0 	 0.00134601	0.00821042	
4.5	3.01218	0.100435	0 	 0.00148813	0.00820481	
4.6	2.95697	0.00210119	0 	 0.001335	0.00820957	
4.7	3.02456	0.124748	0 	 0.00159647	0.00821217	
4.8	2.96759	0	0 	 0.00128823	0.00820723	
4.9	3.01498	0.104014	0 	 0.00144639	0.00821052	
5	2.95871	0	0 	 0.00128217	0.0078502	
5.1	3.01089	0.108173	0 	 0.00144101	0.00792363	
5.2	2.97612	0.0210901	0 	 0.00121655	0.00772353	
5.3	3.02127	0.100843	0 	 0.00137029	0.00784183	
5.4	2.96594	0	0 	 0.00119879	0.00775054	
5.5	3.02931	0.118534	0 	 0.00144419	0.00771589	
5.6	2.97436	0	0 	 0.00117417	0.00776937	
5.7	3.00568	0.0858065	0 	 0.0012418	0.00784913	
5.8	2.98612	0.03477	0 	 0.00113346	0.00800325	
5.9	3.01308	0.0811023	0 	 0.00118583	0.00811633	
6	2.96618	0.0067948	0 	 0.00112359	0.00797771	
0 	 0 	 0 	 0 	 0 	 0.00809435	
0 	 0 	 0 	 0 	 0 	 0.00799476	
0 	 0 	 0 	 0 	 0 	 0.0080487	
0 	 0 	 0 	 0 	 0 	 0.00802688	
0 	 0 	 0 	 0 	 0 	 0.00803016	
0 	 0 	 0 	 0 	 0 	 0.00801563	
0 	 0 	 0 	 0 	 0 	 0.00800483	
0 	 0 	 0 	 0 	 0 	 0.00795536	
0 	 0 	 0 	 0 	 0 	 0.00795936	
0 	 0 	 0 	 0 	 0 	 0.00802739	
0 	 0 	 0 	 0 	 0 	 0.00799478	
0 	 0 	 0 	 0 	 0 	 0.00802081	
0 	 0 	 0 	 0 	 0 	 0.00806366	
0 	 0 	 0 	 0 	 0 	 0.00794371	
0 	 0 	 0 	 0 	 0 	 0.00748548	
0 	 0 	 0 	 0 	 0 	 0.00748446	
0 	 0 	 0 	 0 	 0 	 0.00748495	
0 	 0 	 0 	 0 	 0 	 0.00747765	
0 	 0 	 0 	 0 	 0 	 0.00748182	
0 	 0 	 0 	 0 	 0 	 0.00748175	
0 	 0 	 0 	 0 	 0 	 0.00748399	
0 	 0 	 0 	 0 	 0 	 0.00747416	
0 	 0 	 0 	 0 	 0 	 0.00746338	
0 	 0 	 0 	 0 	 0 	 0.00746886	
0 	 0 	 0 	 0 	 0 	 0.00747457	
0 	 0 	 0 	 0 	 0 	 0.00745498	
0 	 0 	 0 	 0 	 0 	 0.00746148	
0 	 0 	 0 	 0 	 0 	 0.00746937	
0 	 0 	 0 	 0 	 0 	 0.00745358	
0 	 0 	 0 	 0 	 0 	 0.00745739	
0 	 0 	 0 	 0 	 0 	 0.00744806	
0 	 0 	 0 	 0 	 0 	 0.00745304	
0 	 0 	 0 	 0 	 0 	 0.00745121	
0 	 0 	 0 	 0 	 0 	 0.00744094	
0 	 0 	 0 	 0 	 0 	 0.00744283	
0 	 0 	 0 	 0 	 0 	 0.0074576	
0 	 0 	 0 	 0 	 0 	 0.00744968	
0 	 0 	 0 	 0 	 0 	 0.0074545	
0 	 0 	 0 	 0 	 0 	 0.00745255	
0 	 0 	 0 	 0 	 0 	 0.00709231	
0 	 0 	 0 	 0 	 0 	 0.0071647	
0 	 0 	 0 	 0 	 0 	 0.00726304	
0 	 0 	 0 	 0 	 0 	 0.00721687	
0 	 0 	 0 	 0 	 0 	 0.00716257	
0 	 0 	 0 	 0 	 0 	 0.00714761	
0 	 0 	 0 	 0 	 0 	 0.0071244	
0 	 0 	 0 	 0 	 0 	 0.00713217	
0 	 0 	 0 	 0 	 0 	 0.00709234	
0 	 0 	 0 	 0 	 0 	 0.007143	
0 	 0 	 0 	 0 	 0 	 0.00726989	
0 	 0 	 0 	 0 	 0 	 0.00715675	
0 	 0 	 0 	 0 	 0 	 0.00708233	
0 	 0 	 0 	 0 	 0 	 0.00711469	
0 	 0 	 0 	 0 	 0 	 0.00715202	
0 	 0 	 0 	 0 	 0 	 0.00733036	
0 	 0 	 0 	 0 	 0 	 0.00717239	
0 	 0 	 0 	 0 	 0 	 0.00714387	
0 	 0 	 0 	 0 	 0 	 0.0072229	
0 	 0 	 0 	 0 	 0 	 0.00725338	
0 	 0 	 0 	 0 	 0 	 0.0072018	
0 	 0 	 0 	 0 	 0 	 0.00724363	
0 	 0 	 0 	 0 	 0 	 0.00728026	
0 	 0 	 0 	 0 	 0 	 0.00718952	
0 	 0 	 0 	 0 	 0 	 0.00720008	
0 	 0 	 0 	 0 	 0 	 0.00672453	
0 	 0 	 0 	 0 	 0 	 0.00674724	
0 	 0 	 0 	 0 	 0 	 0.00673525	
0 	 0 	 0 	 0 	 0 	 0.00682165	
0 	 0 	 0 	 0 	 0 	 0.00678758	
0 	 0 	 0 	 0 	 0 	 0.00682017	
0 	 0 	 0 	 0 	 0 	 0.00676614	
0 	 0 	 0 	 0 	 0 	 0.00675139	
0 	 0 	 0 	 0 	 0 	 0.00692688	
0 	 0 	 0 	 0 	 0 	 0.0068051	
0 	 0 	 0 	 0 	 0 	 0.00677783	
0 	 0 	 0 	 0 	 0 	 0.00678689	
0 	 0 	 0 	 0 	 0 	 0.00684599	
0 	 0 	 0 	 0 	 0 	 0.00680312	
0 	 0 	 0 	 0 	 0 	 0.00681456	
0 	 0 	 0 	 0 	 0 	 0.00682325	
0 	 0 	 0 	 0 	 0 	 0.00692625	
0 	 0 	 0 	 0 	 0 	 0.00683641	
0 	 0 	 0 	 0 	 0 	 0.00681835	
0 	 0 	 0 	 0 	 0 	 0.00683675	
0 	 0 	 0 	 0 	 0 	 0.00681252	
0 	 0 	 0 	 0 	 0 	 0.00679622	
0 	 0 	 0 	 0 	 0 	 0.00686066	
0 	 0 	 0 	 0 	 0 	 0.00683239	
0 	 0 	 0 	 0 	 0 	 0.00680431	
0 	 0 	 0 	 0 	 0 	 0.00638597	
0 	 0 	 0 	 0 	 0 	 0.00639985	
0 	 0 	 0 	 0 	 0 	 0.00638713	
0 	 0 	 0 	 0 	 0 	 0.00638234	
0 	 0 	 0 	 0 	 0 	 0.00638256	
0 	 0 	 0 	 0 	 0 	 0.00637816	
0 	 0 	 0 	 0 	 0 	 0.006375	
0 	 0 	 0 	 0 	 0 	 0.00637991	
0 	 0 	 0 	 0 	 0 	 0.00637849	
0 	 0 	 0 	 0 	 0 	 0.00637711	
0 	 0 	 0 	 0 	 0 	 0.00636845	
0 	 0 	 0 	 0 	 0 	 0.00637812	
0 	 0 	 0 	 0 	 0 	 0.00637789	
0 	 0 	 0 	 0 	 0 	 0.00637641	
0 	 0 	 0 	 0 	 0 	 0.00637737	
0 	 0 	 0 	 0 	 0 	 0.00637536	
0 	 0 	 0 	 0 	 0 	 0.00637324	
0 	 0 	 0 	 0 	 0 	 0.00637528	
0 	 0 	 0 	 0 	 0 	 0.00637261	
0 	 0 	 0 	 0 	 0 	 0.00637037	
0 	 0 	 0 	 0 	 0 	 0.00637088	
0 	 0 	 0 	 0 	 0 	 0.00637289	
0 	 0 	 0 	 0 	 0 	 0.00636754	
0 	 0 	 0 	 0 	 0 	 0.00636987	
0 	 0 	 0 	 0 	 0 	 0.00636854	
0 	 0 	 0 	 0 	 0 	 0.00597361	
0 	 0 	 0 	 0 	 0 	 0.00598264	
0 	 0 	 0 	 0 	 0 	 0.00598309	
0 	 0 	 0 	 0 	 0 	 0.00606052	
0 	 0 	 0 	 0 	 0 	 0.0060355	
0 	 0 	 0 	 0 	 0 	 0.00600003	
0 	 0 	 0 	 0 	 0 	 0.00599846	
0 	 0 	 0 	 0 	 0 	 0.00603312	
0 	 0 	 0 	 0 	 0 	 0.00602218	
0 	 0 	 0 	 0 	 0 	 0.00611558	
0 	 0 	 0 	 0 	 0 	 0.00602754	
0 	 0 	 0 	 0 	 0 	 0.00612387	
0 	 0 	 0 	 0 	 0 	 0.00613741	
0 	 0 	 0 	 0 	 0 	 0.00607202	
0 	 0 	 0 	 0 	 0 	 0.00612686	
0 	 0 	 0 	 0 	 0 	 0.00610334	
0 	 0 	 0 	 0 	 0 	 0.00613333	
0 	 0 	 0 	 0 	 0 	 0.00617487	
0 	 0 	 0 	 0 	 0 	 0.00613432	
0 	 0 	 0 	 0 	 0 	 0.00616056	
0 	 0 	 0 	 0 	 0 	 0.00612649	
0 	 0 	 0 	 0 	 0 	 0.0061424	
0 	 0 	 0 	 0 	 0 	 0.00618665	
0 	 0 	 0 	 0 	 0 	 0.00611857	
0 	 0 	 0 	 0 	 0 	 0.00613242	
0 	 0 	 0 	 0 	 0 	 0.00561995	
0 	 0 	 0 	 0 	 0 	 0.00563796	
0 	 0 	 0 	 0 	 0 	 0.00563341	
0 	 0 	 0 	 0 	 0 	 0.00562505	
0 	 0 	 0 	 0 	 0 	 0.00562669	
0 	 0 	 0 	 0 	 0 	 0.00560162	
0 	 0 	 0 	 0 	 0 	 0.00559432	
0 	 0 	 0 	 0 	 0 	 0.00559948	
0 	 0 	 0 	 0 	 0 	 0.00559681	
0 	 0 	 0 	 0 	 0 	 0.00560005	
0 	 0 	 0 	 0 	 0 	 0.00560956	
0 	 0 	 0 	 0 	 0 	 0.00560262	
0 	 0 	 0 	 0 	 0 	 0.00560098	
0 	 0 	 0 	 0 	 0 	 0.00560087	
0 	 0 	 0 	 0 	 0 	 0.0056025	
0 	 0 	 0 	 0 	 0 	 0.00560666	
0 	 0 	 0 	 0 	 0 	 0.00560859	
0 	 0 	 0 	 0 	 0 	 0.00561533	
0 	 0 	 0 	 0 	 0 	 0.00560859	
0 	 0 	 0 	 0 	 0 	 0.0056066	
0 	 0 	 0 	 0 	 0 	 0.00560181	
0 	 0 	 0 	 0 	 0 	 0.00561139	
0 	 0 	 0 	 0 	 0 	 0.00561752	
0 	 0 	 0 	 0 	 0 	 0.00562814	
0 	 0 	 0 	 0 	 0 	 0.00560653	
0 	 0 	 0 	 0 	 0 	 0.00529613	
0 	 0 	 0 	 0 	 0 	 0.00538185	
0 	 0 	 0 	 0 	 0 	 0.0053866	
0 	 0 	 0 	 0 	 0 	 0.00536738	
0 	 0 	 0 	 0 	 0 	 0.00538911	
0 	 0 	 0 	 0 	 0 	 0.00538823	
0 	 0 	 0 	 0 	 0 	 0.00537099	
0 	 0 	 0 	 0 	 0 	 0.00540006	
0 	 0 	 0 	 0 	 0 	 0.00538666	
0 	 0 	 0 	 0 	 0 	 0.00539851	
0 	 0 	 0 	 0 	 0 	 0.00540137	
0 	 0 	 0 	 0 	 0 	 0.00539416	
0 	 0 	 0 	 0 	 0 	 0.00540061	
0 	 0 	 0 	 0 	 0 	 0.00540376	
0 	 0 	 0 	 0 	 0 	 0.00539791	
0 	 0 	 0 	 0 	 0 	 0.00540565	
0 	 0 	 0 	 0 	 0 	 0.00539436	
0 	 0 	 0 	 0 	 0 	 0.0053999	
0 	 0 	 0 	 0 	 0 	 0.00535526	
0 	 0 	 0 	 0 	 0 	 0.00540199	
0 	 0 	 0 	 0 	 0 	 0.00539485	
0 	 0 	 0 	 0 	 0 	 0.00535683	
0 	 0 	 0 	 0 	 0 	 0.00539934	
0 	 0 	 0 	 0 	 0 	 0.00538144	
0 	 0 	 0 	 0 	 0 	 0.00538913	
0 	 0 	 0 	 0 	 0 	 0.00488319	
0 	 0 	 0 	 0 	 0 	 0.00493655	
0 	 0 	 0 	 0 	 0 	 0.00491798	
0 	 0 	 0 	 0 	 0 	 0.00500881	
0 	 0 	 0 	 0 	 0 	 0.00496146	
0 	 0 	 0 	 0 	 0 	 0.00496612	
0 	 0 	 0 	 0 	 0 	 0.00496255	
0 	 0 	 0 	 0 	 0 	 0.00501313	
0 	 0 	 0 	 0 	 0 	 0.00496107	
0 	 0 	 0 	 0 	 0 	 0.00494011	
0 	 0 	 0 	 0 	 0 	 0.00491323	
0 	 0 	 0 	 0 	 0 	 0.00511903	
0 	 0 	 0 	 0 	 0 	 0.00496468	
0 	 0 	 0 	 0 	 0 	 0.00498246	
0 	 0 	 0 	 0 	 0 	 0.00498753	
0 	 0 	 0 	 0 	 0 	 0.00507992	
0 	 0 	 0 	 0 	 0 	 0.00506961	
0 	 0 	 0 	 0 	 0 	 0.00501255	
0 	 0 	 0 	 0 	 0 	 0.00493662	
0 	 0 	 0 	 0 	 0 	 0.00500086	
0 	 0 	 0 	 0 	 0 	 0.00499526	
0 	 0 	 0 	 0 	 0 	 0.00500955	
0 	 0 	 0 	 0 	 0 	 0.00496875	
0 	 0 	 0 	 0 	 0 	 0.00508821	
0 	 0 	 0 	 0 	 0 	 0.00505936	
0 	 0 	 0 	 0 	 0 	 0.00455586	
0 	 0 	 0 	 0 	 0 	 0.0045429	
0 	 0 	 0 	 0 	 0 	 0.00454811	
0 	 0 	 0 	 0 	 0 	 0.0045397	
0 	 0 	 0 	 0 	 0 	 0.00453595	
0 	 0 	 0 	 0 	 0 	 0.00453204	
0 	 0 	 0 	 0 	 0 	 0.00452988	
0 	 0 	 0 	 0 	 0 	 0.0045433	
0 	 0 	 0 	 0 	 0 	 0.00452955	
0 	 0 	 0 	 0 	 0 	 0.00453099	
0 	 0 	 0 	 0 	 0 	 0.00452635	
0 	 0 	 0 	 0 	 0 	 0.00452502	
0 	 0 	 0 	 0 	 0 	 0.00451827	
0 	 0 	 0 	 0 	 0 	 0.00452344	
0 	 0 	 0 	 0 	 0 	 0.00452053	
0 	 0 	 0 	 0 	 0 	 0.00451754	
0 	 0 	 0 	 0 	 0 	 0.00451672	
0 	 0 	 0 	 0 	 0 	 0.0045214	
0 	 0 	 0 	 0 	 0 	 0.00451865	
0 	 0 	 0 	 0 	 0 	 0.00451673	
0 	 0 	 0 	 0 	 0 	 0.00451339	
0 	 0 	 0 	 0 	 0 	 0.00451744	
0 	 0 	 0 	 0 	 0 	 0.00453426	
0 	 0 	 0 	 0 	 0 	 0.00451167	
0 	 0 	 0 	 0 	 0 	 0.00451487	
0 	 0 	 0 	 0 	 0 	 0.00412	
0 	 0 	 0 	 0 	 0 	 0.00420646	
0 	 0 	 0 	 0 	 0 	 0.00415998	
0 	 0 	 0 	 0 	 0 	 0.0041394	
0 	 0 	 0 	 0 	 0 	 0.0041439	
0 	 0 	 0 	 0 	 0 	 0.00418557	
0 	 0 	 0 	 0 	 0 	 0.00426049	
0 	 0 	 0 	 0 	 0 	 0.00426122	
0 	 0 	 0 	 0 	 0 	 0.00437292	
0 	 0 	 0 	 0 	 0 	 0.00429606	
0 	 0 	 0 	 0 	 0 	 0.00437489	
0 	 0 	 0 	 0 	 0 	 0.00439017	
0 	 0 	 0 	 0 	 0 	 0.00436375	
0 	 0 	 0 	 0 	 0 	 0.00440451	
0 	 0 	 0 	 0 	 0 	 0.00426005	
0 	 0 	 0 	 0 	 0 	 0.00432127	
0 	 0 	 0 	 0 	 0 	 0.00422957	
0 	 0 	 0 	 0 	 0 	 0.00418317	
0 	 0 	 0 	 0 	 0 	 0.00417085	
0 	 0 	 0 	 0 	 0 	 0.00428911	
0 	 0 	 0 	 0 	 0 	 0.00422907	
0 	 0 	 0 	 0 	 0 	 0.00420003	
0 	 0 	 0 	 0 	 0 	 0.0042689	
0 	 0 	 0 	 0 	 0 	 0.00419512	
0 	 0 	 0 	 0 	 0 	 0.00422345	
0 	 0 	 0 	 0 	 0 	 0.00376998	
0 	 0 	 0 	 0 	 0 	 0.00379009	
0 	 0 	 0 	 0 	 0 	 0.00377915	
0 	 0 	 0 	 0 	 0 	 0.00377876	
0 	 0 	 0 	 0 	 0 	 0.00377675	
0 	 0 	 0 	 0 	 0 	 0.00377979	
0 	 0 	 0 	 0 	 0 	 0.0037724	
0 	 0 	 0 	 0 	 0 	 0.00377489	
0 	 0 	 0 	 0 	 0 	 0.00377279	
0 	 0 	 0 	 0 	 0 	 0.00377594	
0 	 0 	 0 	 0 	 0 	 0.00377622	
0 	 0 	 0 	 0 	 0 	 0.0037614	
0 	 0 	 0 	 0 	 0 	 0.00376403	
0 	 0 	 0 	 0 	 0 	 0.00375449	
0 	 0 	 0 	 0 	 0 	 0.00375584	
0 	 0 	 0 	 0 	 0 	 0.00375164	
0 	 0 	 0 	 0 	 0 	 0.00375857	
0 	 0 	 0 	 0 	 0 	 0.00377087	
0 	 0 	 0 	 0 	 0 	 0.00375171	
0 	 0 	 0 	 0 	 0 	 0.00373212	
0 	 0 	 0 	 0 	 0 	 0.00373115	
0 	 0 	 0 	 0 	 0 	 0.00372437	
0 	 0 	 0 	 0 	 0 	 0.00373789	
0 	 0 	 0 	 0 	 0 	 0.00375127	
0 	 0 	 0 	 0 	 0 	 0.00376003	
0 	 0 	 0 	 0 	 0 	 0.00340431	
0 	 0 	 0 	 0 	 0 	 0.00353717	
0 	 0 	 0 	 0 	 0 	 0.00354767	
0 	 0 	 0 	 0 	 0 	 0.00350379	
0 	 0 	 0 	 0 	 0 	 0.00356288	
0 	 0 	 0 	 0 	 0 	 0.00354857	
0 	 0 	 0 	 0 	 0 	 0.0035576	
0 	 0 	 0 	 0 	 0 	 0.0035629	
0 	 0 	 0 	 0 	 0 	 0.00355432	
0 	 0 	 0 	 0 	 0 	 0.00354211	
0 	 0 	 0 	 0 	 0 	 0.00355321	
0 	 0 	 0 	 0 	 0 	 0.00355831	
0 	 0 	 0 	 0 	 0 	 0.00356172	
0 	 0 	 0 	 0 	 0 	 0.00354112	
0 	 0 	 0 	 0 	 0 	 0.0035481	
0 	 0 	 0 	 0 	 0 	 0.003534	
0 	 0 	 0 	 0 	 0 	 0.00352734	
0 	 0 	 0 	 0 	 0 	 0.00354066	
0 	 0 	 0 	 0 	 0 	 0.00353528	
0 	 0 	 0 	 0 	 0 	 0.00352753	
0 	 0 	 0 	 0 	 0 	 0.00355715	
0 	 0 	 0 	 0 	 0 	 0.00352048	
0 	 0 	 0 	 0 	 0 	 0.00355913	
0 	 0 	 0 	 0 	 0 	 0.00352004	
0 	 0 	 0 	 0 	 0 	 0.0034748	
0 	 0 	 0 	 0 	 0 	 0.0029846	
0 	 0 	 0 	 0 	 0 	 0.00307714	
0 	 0 	 0 	 0 	 0 	 0.00314697	
0 	 0 	 0 	 0 	 0 	 0.00313922	
0 	 0 	 0 	 0 	 0 	 0.00314972	
0 	 0 	 0 	 0 	 0 	 0.00312601	
0 	 0 	 0 	 0 	 0 	 0.00319918	
0 	 0 	 0 	 0 	 0 	 0.00315985	
0 	 0 	 0 	 0 	 0 	 0.00319345	
0 	 0 	 0 	 0 	 0 	 0.00314463	
0 	 0 	 0 	 0 	 0 	 0.00308462	
0 	 0 	 0 	 0 	 0 	 0.00309264	
0 	 0 	 0 	 0 	 0 	 0.00309594	
0 	 0 	 0 	 0 	 0 	 0.00306923	
0 	 0 	 0 	 0 	 0 	 0.00314032	
0 	 0 	 0 	 0 	 0 	 0.00312079	
0 	 0 	 0 	 0 	 0 	 0.00316942	
0 	 0 	 0 	 0 	 0 	 0.00313413	
0 	 0 	 0 	 0 	 0 	 0.00316595	
0 	 0 	 0 	 0 	 0 	 0.00317906	
0 	 0 	 0 	 0 	 0 	 0.00315385	
0 	 0 	 0 	 0 	 0 	 0.00312476	
0 	 0 	 0 	 0 	 0 	 0.00320735	
0 	 0 	 0 	 0 	 0 	 0.00317681	
0 	 0 	 0 	 0 	 0 	 0.00318213	
0 	 0 	 0 	 0 	 0 	 0.00261313	
0 	 0 	 0 	 0 	 0 	 0.00256217	
0 	 0 	 0 	 0 	 0 	 0.00267514	
0 	 0 	 0 	 0 	 0 	 0.00266998	
0 	 0 	 0 	 0 	 0 	 0.002656	
0 	 0 	 0 	 0 	 0 	 0.00266052	
0 	 0 	 0 	 0 	 0 	 0.00266952	
0 	 0 	 0 	 0 	 0 	 0.00267441	
0 	 0 	 0 	 0 	 0 	 0.00267366	
0 	 0 	 0 	 0 	 0 	 0.00266762	
0 	 0 	 0 	 0 	 0 	 0.00265569	
0 	 0 	 0 	 0 	 0 	 0.00267413	
0 	 0 	 0 	 0 	 0 	 0.00267521	
0 	 0 	 0 	 0 	 0 	 0.00267869	
0 	 0 	 0 	 0 	 0 	 0.00266626	
0 	 0 	 0 	 0 	 0 	 0.0026801	
0 	 0 	 0 	 0 	 0 	 0.00267152	
0 	 0 	 0 	 0 	 0 	 0.00267796	
0 	 0 	 0 	 0 	 0 	 0.00268151	
0 	 0 	 0 	 0 	 0 	 0.0026783	
0 	 0 	 0 	 0 	 0 	 0.00268478	
0 	 0 	 0 	 0 	 0 	 0.00267921	
0 	 0 	 0 	 0 	 0 	 0.00268209	
0 	 0 	 0 	 0 	 0 	 0.00268154	
0 	 0 	 0 	 0 	 0 	 0.00267939	
0 	 0 	 0 	 0 	 0 	 0.00203942	
0 	 0 	 0 	 0 	 0 	 0.00209636	
0 	 0 	 0 	 0 	 0 	 0.00212554	
0 	 0 	 0 	 0 	 0 	 0.00214114	
0 	 0 	 0 	 0 	 0 	 0.00223528	
0 	 0 	 0 	 0 	 0 	 0.00213336	
0 	 0 	 0 	 0 	 0 	 0.00235101	
0 	 0 	 0 	 0 	 0 	 0.00225558	
0 	 0 	 0 	 0 	 0 	 0.00226621	
0 	 0 	 0 	 0 	 0 	 0.00224755	
0 	 0 	 0 	 0 	 0 	 0.00220918	
0 	 0 	 0 	 0 	 0 	 0.0022373	
0 	 0 	 0 	 0 	 0 	 0.00231285	
0 	 0 	 0 	 0 	 0 	 0.0023866	
0 	 0 	 0 	 0 	 0 	 0.00226616	
0 	 0 	 0 	 0 	 0 	 0.00221063	
0 	 0 	 0 	 0 	 0 	 0.00224312	
0 	 0 	 0 	 0 	 0 	 0.00233174	
0 	 0 	 0 	 0 	 0 	 0.00215456	
0 	 0 	 0 	 0 	 0 	 0.00209693	
0 	 0 	 0 	 0 	 0 	 0.00200688	
0 	 0 	 0 	 0 	 0 	 0.00209404	
0 	 0 	 0 	 0 	 0 	 0.0021869	
0 	 0 	 0 	 0 	 0 	 0.00226549	
0 	 0 	 0 	 0 	 0 	 0.00228964	
0 	 0 	 0 	 0 	 0 	 0.00170599	
0 	 0 	 0 	 0 	 0 	 0.00171776	
0 	 0 	 0 	 0 	 0 	 0.00172508	
0 	 0 	 0 	 0 	 0 	 0.0017236	
0 	 0 	 0 	 0 	 0 	 0.00171966	
0 	 0 	 0 	 0 	 0 	 0.00172202	
0 	 0 	 0 	 0 	 0 	 0.00171817	
0 	 0 	 0 	 0 	 0 	 0.0017225	
0 	 0 	 0 	 0 	 0 	 0.00172199	
0 	 0 	 0 	 0 	 0 	 0.00172256	
0 	 0 	 0 	 0 	 0 	 0.0017212	
0 	 0 	 0 	 0 	 0 	 0.00172309	
0 	 0 	 0 	 0 	 0 	 0.00172372	
0 	 0 	 0 	 0 	 0 	 0.00172162	
0 	 0 	 0 	 0 	 0 	 0.00172125	
0 	 0 	 0 	 0 	 0 	 0.00172298	
0 	 0 	 0 	 0 	 0 	 0.00172662	
0 	 0 	 0 	 0 	 0 	 0.00172091	
0 	 0 	 0 	 0 	 0 	 0.00172307	
0 	 0 	 0 	 0 	 0 	 0.00172363	
0 	 0 	 0 	 0 	 0 	 0.00172576	
0 	 0 	 0 	 0 	 0 	 0.00172474	
0 	 0 	 0 	 0 	 0 	 0.00172617	
0 	 0 	 0 	 0 	 0 	 0.00172511	
0 	 0 	 0 	 0 	 0 	 0.00172616	
0 	 0 	 0 	 0 	 0 	 0.0017905	
0 	 0 	 0 	 0 	 0 	 0.00182563	
0 	 0 	 0 	 0 	 0 	 0.0018071	
0 	 0 	 0 	 0 	 0 	 0.001805	
0 	 0 	 0 	 0 	 0 	 0.00182269	
0 	 0 	 0 	 0 	 0 	 0.00183221	
0 	 0 	 0 	 0 	 0 	 0.00184477	
0 	 0 	 0 	 0 	 0 	 0.00185928	
0 	 0 	 0 	 0 	 0 	 0.00185157	
0 	 0 	 0 	 0 	 0 	 0.00186112	
0 	 0 	 0 	 0 	 0 	 0.00184195	
0 	 0 	 0 	 0 	 0 	 0.00184878	
0 	 0 	 0 	 0 	 0 	 0.00185284	
0 	 0 	 0 	 0 	 0 	 0.00187702	
0 	 0 	 0 	 0 	 0 	 0.00184247	
0 	 0 	 0 	 0 	 0 	 0.00187133	
0 	 0 	 0 	 0 	 0 	 0.00186546	
0 	 0 	 0 	 0 	 0 	 0.00185347	
0 	 0 	 0 	 0 	 0 	 0.00185663	
0 	 0 	 0 	 0 	 0 	 0.00186691	
0 	 0 	 0 	 0 	 0 	 0.0018543	
0 	 0 	 0 	 0 	 0 	 0.00187236	
0 	 0 	 0 	 0 	 0 	 0.00186965	
0 	 0 	 0 	 0 	 0 	 0.00186136	
0 	 0 	 0 	 0 	 0 	 0.00184798	
0 	 0 	 0 	 0 	 0 	 0.00173487	
0 	 0 	 0 	 0 	 0 	 0.00171823	
0 	 0 	 0 	 0 	 0 	 0.00172273	
0 	 0 	 0 	 0 	 0 	 0.00172241	
0 	 0 	 0 	 0 	 0 	 0.00172495	
0 	 0 	 0 	 0 	 0 	 0.00172753	
0 	 0 	 0 	 0 	 0 	 0.00171885	
0 	 0 	 0 	 0 	 0 	 0.00171647	
0 	 0 	 0 	 0 	 0 	 0.00172189	
0 	 0 	 0 	 0 	 0 	 0.0017432	
0 	 0 	 0 	 0 	 0 	 0.00172114	
0 	 0 	 0 	 0 	 0 	 0.00171691	
0 	 0 	 0 	 0 	 0 	 0.00171846	
0 	 0 	 0 	 0 	 0 	 0.00171728	
0 	 0 	 0 	 0 	 0 	 0.0017161	
0 	 0 	 0 	 0 	 0 	 0.00172036	
0 	 0 	 0 	 0 	 0 	 0.00172927	
0 	 0 	 0 	 0 	 0 	 0.00171722	
0 	 0 	 0 	 0 	 0 	 0.00171726	
0 	 0 	 0 	 0 	 0 	 0.00171663	
0 	 0 	 0 	 0 	 0 	 0.00172117	
0 	 0 	 0 	 0 	 0 	 0.00172254	
0 	 0 	 0 	 0 	 0 	 0.00172091	
0 	 0 	 0 	 0 	 0 	 0.00171846	
0 	 0 	 0 	 0 	 0 	 0.0017245	
0 	 0 	 0 	 0 	 0 	 0.00180058	
0 	 0 	 0 	 0 	 0 	 0.00184481	
0 	 0 	 0 	 0 	 0 	 0.00187543	
0 	 0 	 0 	 0 	 0 	 0.00191844	
0 	 0 	 0 	 0 	 0 	 0.00198531	
0 	 0 	 0 	 0 	 0 	 0.00191337	
0 	 0 	 0 	 0 	 0 	 0.0019378	
0 	 0 	 0 	 0 	 0 	 0.00221064	
0 	 0 	 0 	 0 	 0 	 0.0020558	
0 	 0 	 0 	 0 	 0 	 0.00194071	
0 	 0 	 0 	 0 	 0 	 0.00189444	
0 	 0 	 0 	 0 	 0 	 0.00191409	
0 	 0 	 0 	 0 	 0 	 0.00194909	
0 	 0 	 0 	 0 	 0 	 0.00199085	
0 	 0 	 0 	 0 	 0 	 0.00195525	
0 	 0 	 0 	 0 	 0 	 0.00195898	
0 	 0 	 0 	 0 	 0 	 0.00192913	
0 	 0 	 0 	 0 	 0 	 0.00200175	
0 	 0 	 0 	 0 	 0 	 0.00203194	
0 	 0 	 0 	 0 	 0 	 0.00197071	
0 	 0 	 0 	 0 	 0 	 0.00190953	
0 	 0 	 0 	 0 	 0 	 0.00191065	
0 	 0 	 0 	 0 	 0 	 0.0019257	
0 	 0 	 0 	 0 	 0 	 0.00198746	
0 	 0 	 0 	 0 	 0 	 0.00201108	
0 	 0 	 0 	 0 	 0 	 0.00165389	
0 	 0 	 0 	 0 	 0 	 0.00166248	
0 	 0 	 0 	 0 	 0 	 0.00168455	
0 	 0 	 0 	 0 	 0 	 0.00170247	
0 	 0 	 0 	 0 	 0 	 0.00168584	
0 	 0 	 0 	 0 	 0 	 0.00169906	
0 	 0 	 0 	 0 	 0 	 0.00169975	
0 	 0 	 0 	 0 	 0 	 0.00169711	
0 	 0 	 0 	 0 	 0 	 0.00169821	
0 	 0 	 0 	 0 	 0 	 0.00169517	
0 	 0 	 0 	 0 	 0 	 0.00170008	
0 	 0 	 0 	 0 	 0 	 0.00169045	
0 	 0 	 0 	 0 	 0 	 0.00171292	
0 	 0 	 0 	 0 	 0 	 0.00169022	
0 	 0 	 0 	 0 	 0 	 0.00168538	
0 	 0 	 0 	 0 	 0 	 0.00168894	
0 	 0 	 0 	 0 	 0 	 0.00168402	
0 	 0 	 0 	 0 	 0 	 0.00168609	
0 	 0 	 0 	 0 	 0 	 0.00170575	
0 	 0 	 0 	 0 	 0 	 0.00169676	
0 	 0 	 0 	 0 	 0 	 0.00169552	
0 	 0 	 0 	 0 	 0 	 0.00169744	
0 	 0 	 0 	 0 	 0 	 0.00170142	
0 	 0 	 0 	 0 	 0 	 0.00169829	
0 	 0 	 0 	 0 	 0 	 0.00170319	
0 	 0 	 0 	 0 	 0 	 0.00173438	
0 	 0 	 0 	 0 	 0 	 0.0017779	
0 	 0 	 0 	 0 	 0 	 0.00180845	
0 	 0 	 0 	 0 	 0 	 0.00182029	
0 	 0 	 0 	 0 	 0 	 0.00182959	
0 	 0 	 0 	 0 	 0 	 0.00184963	
0 	 0 	 0 	 0 	 0 	 0.00188054	
0 	 0 	 0 	 0 	 0 	 0.00186952	
0 	 0 	 0 	 0 	 0 	 0.00191926	
0 	 0 	 0 	 0 	 0 	 0.00189185	
0 	 0 	 0 	 0 	 0 	 0.0018821	
0 	 0 	 0 	 0 	 0 	 0.0018818	
0 	 0 	 0 	 0 	 0 	 0.00188424	
0 	 0 	 0 	 0 	 0 	 0.00190131	
0 	 0 	 0 	 0 	 0 	 0.00193226	
0 	 0 	 0 	 0 	 0 	 0.00190396	
0 	 0 	 0 	 0 	 0 	 0.00188716	
0 	 0 	 0 	 0 	 0 	 0.00191128	
0 	 0 	 0 	 0 	 0 	 0.00192548	
0 	 0 	 0 	 0 	 0 	 0.00188754	
0 	 0 	 0 	 0 	 0 	 0.00191348	
0 	 0 	 0 	 0 	 0 	 0.0018998	
0 	 0 	 0 	 0 	 0 	 0.00189901	
0 	 0 	 0 	 0 	 0 	 0.001879	
0 	 0 	 0 	 0 	 0 	 0.00190224	
0 	 0 	 0 	 0 	 0 	 0.00166696	
0 	 0 	 0 	 0 	 0 	 0.00164038	
0 	 0 	 0 	 0 	 0 	 0.00167371	
0 	 0 	 0 	 0 	 0 	 0.00167534	
0 	 0 	 0 	 0 	 0 	 0.00168028	
0 	 0 	 0 	 0 	 0 	 0.00167219	
0 	 0 	 0 	 0 	 0 	 0.00168406	
0 	 0 	 0 	 0 	 0 	 0.00167364	
0 	 0 	 0 	 0 	 0 	 0.00167567	
0 	 0 	 0 	 0 	 0 	 0.00167189	
0 	 0 	 0 	 0 	 0 	 0.00167696	
0 	 0 	 0 	 0 	 0 	 0.00167959	
0 	 0 	 0 	 0 	 0 	 0.00167298	
0 	 0 	 0 	 0 	 0 	 0.00167098	
0 	 0 	 0 	 0 	 0 	 0.00167951	
0 	 0 	 0 	 0 	 0 	 0.00167518	
0 	 0 	 0 	 0 	 0 	 0.00167699	
0 	 0 	 0 	 0 	 0 	 0.00168462	
0 	 0 	 0 	 0 	 0 	 0.00167578	
0 	 0 	 0 	 0 	 0 	 0.00168087	
0 	 0 	 0 	 0 	 0 	 0.00168193	
0 	 0 	 0 	 0 	 0 	 0.00167709	
0 	 0 	 0 	 0 	 0 	 0.00165494	
0 	 0 	 0 	 0 	 0 	 0.00170981	
0 	 0 	 0 	 0 	 0 	 0.00169795	
0 	 0 	 0 	 0 	 0 	 0.00176538	
0 	 0 	 0 	 0 	 0 	 0.00181892	
0 	 0 	 0 	 0 	 0 	 0.00185824	
0 	 0 	 0 	 0 	 0 	 0.00186616	
0 	 0 	 0 	 0 	 0 	 0.00191031	
0 	 0 	 0 	 0 	 0 	 0.00205653	
0 	 0 	 0 	 0 	 0 	 0.00200403	
0 	 0 	 0 	 0 	 0 	 0.00196941	
0 	 0 	 0 	 0 	 0 	 0.00203011	
0 	 0 	 0 	 0 	 0 	 0.00203576	
0 	 0 	 0 	 0 	 0 	 0.00201383	
0 	 0 	 0 	 0 	 0 	 0.00196511	
0 	 0 	 0 	 0 	 0 	 0.00203727	
0 	 0 	 0 	 0 	 0 	 0.00204833	
0 	 0 	 0 	 0 	 0 	 0.00222918	
0 	 0 	 0 	 0 	 0 	 0.00212682	
0 	 0 	 0 	 0 	 0 	 0.00209174	
0 	 0 	 0 	 0 	 0 	 0.00210657	
0 	 0 	 0 	 0 	 0 	 0.00200353	
0 	 0 	 0 	 0 	 0 	 0.0020612	
0 	 0 	 0 	 0 	 0 	 0.00210146	
0 	 0 	 0 	 0 	 0 	 0.00202528	
0 	 0 	 0 	 0 	 0 	 0.00214088	
0 	 0 	 0 	 0 	 0 	 0.00205511	
0 	 0 	 0 	 0 	 0 	 0.00208676	
0 	 0 	 0 	 0 	 0 	 0.00158639	
0 	 0 	 0 	 0 	 0 	 0.00159826	
0 	 0 	 0 	 0 	 0 	 0.0015992	
0 	 0 	 0 	 0 	 0 	 0.00160636	
0 	 0 	 0 	 0 	 0 	 0.00161085	
0 	 0 	 0 	 0 	 0 	 0.00160838	
0 	 0 	 0 	 0 	 0 	 0.0016063	
0 	 0 	 0 	 0 	 0 	 0.00161007	
0 	 0 	 0 	 0 	 0 	 0.00161131	
0 	 0 	 0 	 0 	 0 	 0.00161227	
0 	 0 	 0 	 0 	 0 	 0.001609	
0 	 0 	 0 	 0 	 0 	 0.00161118	
0 	 0 	 0 	 0 	 0 	 0.00160567	
0 	 0 	 0 	 0 	 0 	 0.00160909	
0 	 0 	 0 	 0 	 0 	 0.00160672	
0 	 0 	 0 	 0 	 0 	 0.00160564	
0 	 0 	 0 	 0 	 0 	 0.00160632	
0 	 0 	 0 	 0 	 0 	 0.00160462	
0 	 0 	 0 	 0 	 0 	 0.00160448	
0 	 0 	 0 	 0 	 0 	 0.00160565	
0 	 0 	 0 	 0 	 0 	 0.0016062	
0 	 0 	 0 	 0 	 0 	 0.00160194	
0 	 0 	 0 	 0 	 0 	 0.00160671	
0 	 0 	 0 	 0 	 0 	 0.00160718	
0 	 0 	 0 	 0 	 0 	 0.00160698	
0 	 0 	 0 	 0 	 0 	 0.00165327	
0 	 0 	 0 	 0 	 0 	 0.00167308	
0 	 0 	 0 	 0 	 0 	 0.00168937	
0 	 0 	 0 	 0 	 0 	 0.00173745	
0 	 0 	 0 	 0 	 0 	 0.00174456	
0 	 0 	 0 	 0 	 0 	 0.00173058	
0 	 0 	 0 	 0 	 0 	 0.00171603	
0 	 0 	 0 	 0 	 0 	 0.00171643	
0 	 0 	 0 	 0 	 0 	 0.00176143	
0 	 0 	 0 	 0 	 0 	 0.00176926	
0 	 0 	 0 	 0 	 0 	 0.00175262	
0 	 0 	 0 	 0 	 0 	 0.00176269	
0 	 0 	 0 	 0 	 0 	 0.00175987	
0 	 0 	 0 	 0 	 0 	 0.00177843	
0 	 0 	 0 	 0 	 0 	 0.001749	
0 	 0 	 0 	 0 	 0 	 0.0017761	
0 	 0 	 0 	 0 	 0 	 0.00177542	
0 	 0 	 0 	 0 	 0 	 0.00176059	
0 	 0 	 0 	 0 	 0 	 0.0017746	
0 	 0 	 0 	 0 	 0 	 0.00175904	
0 	 0 	 0 	 0 	 0 	 0.00176432	
0 	 0 	 0 	 0 	 0 	 0.00177128	
0 	 0 	 0 	 0 	 0 	 0.00177901	
0 	 0 	 0 	 0 	 0 	 0.00176697	
0 	 0 	 0 	 0 	 0 	 0.0017583	
0 	 0 	 0 	 0 	 0 	 0.00157584	
0 	 0 	 0 	 0 	 0 	 0.00157127	
0 	 0 	 0 	 0 	 0 	 0.00157924	
0 	 0 	 0 	 0 	 0 	 0.001607	
0 	 0 	 0 	 0 	 0 	 0.00160444	
0 	 0 	 0 	 0 	 0 	 0.00158737	
0 	 0 	 0 	 0 	 0 	 0.0016245	
0 	 0 	 0 	 0 	 0 	 0.00161919	
0 	 0 	 0 	 0 	 0 	 0.00160423	
0 	 0 	 0 	 0 	 0 	 0.00163411	
0 	 0 	 0 	 0 	 0 	 0.00163433	
0 	 0 	 0 	 0 	 0 	 0.00160702	
0 	 0 	 0 	 0 	 0 	 0.00162154	
0 	 0 	 0 	 0 	 0 	 0.00160388	
0 	 0 	 0 	 0 	 0 	 0.00164633	
0 	 0 	 0 	 0 	 0 	 0.00163542	
0 	 0 	 0 	 0 	 0 	 0.00162918	
0 	 0 	 0 	 0 	 0 	 0.00163291	
0 	 0 	 0 	 0 	 0 	 0.00163333	
0 	 0 	 0 	 0 	 0 	 0.0015909	
0 	 0 	 0 	 0 	 0 	 0.00158605	
0 	 0 	 0 	 0 	 0 	 0.00164769	
0 	 0 	 0 	 0 	 0 	 0.00161085	
0 	 0 	 0 	 0 	 0 	 0.00156435	
0 	 0 	 0 	 0 	 0 	 0.00163241	
0 	 0 	 0 	 0 	 0 	 0.0017085	
0 	 0 	 0 	 0 	 0 	 0.0017492	
0 	 0 	 0 	 0 	 0 	 0.00180386	
0 	 0 	 0 	 0 	 0 	 0.00185521	
0 	 0 	 0 	 0 	 0 	 0.00189	
0 	 0 	 0 	 0 	 0 	 0.00196982	
0 	 0 	 0 	 0 	 0 	 0.00192412	
0 	 0 	 0 	 0 	 0 	 0.00199723	
0 	 0 	 0 	 0 	 0 	 0.00192742	
0 	 0 	 0 	 0 	 0 	 0.00188602	
0 	 0 	 0 	 0 	 0 	 0.00192375	
0 	 0 	 0 	 0 	 0 	 0.00196118	
0 	 0 	 0 	 0 	 0 	 0.00194446	
0 	 0 	 0 	 0 	 0 	 0.00188749	
0 	 0 	 0 	 0 	 0 	 0.00185797	
0 	 0 	 0 	 0 	 0 	 0.00185127	
0 	 0 	 0 	 0 	 0 	 0.00183868	
0 	 0 	 0 	 0 	 0 	 0.00185751	
0 	 0 	 0 	 0 	 0 	 0.00186554	
0 	 0 	 0 	 0 	 0 	 0.00191636	
0 	 0 	 0 	 0 	 0 	 0.00193046	
0 	 0 	 0 	 0 	 0 	 0.00188493	
0 	 0 	 0 	 0 	 0 	 0.00194042	
0 	 0 	 0 	 0 	 0 	 0.00188456	
0 	 0 	 0 	 0 	 0 	 0.00194599	
0 	 0 	 0 	 0 	 0 	 0.00152444	
0 	 0 	 0 	 0 	 0 	 0.00153672	
0 	 0 	 0 	 0 	 0 	 0.0015458	
0 	 0 	 0 	 0 	 0 	 0.00157159	
0 	 0 	 0 	 0 	 0 	 0.0015703	
0 	 0 	 0 	 0 	 0 	 0.00156525	
0 	 0 	 0 	 0 	 0 	 0.00155823	
0 	 0 	 0 	 0 	 0 	 0.00157086	
0 	 0 	 0 	 0 	 0 	 0.00157188	
0 	 0 	 0 	 0 	 0 	 0.00157152	
0 	 0 	 0 	 0 	 0 	 0.00157288	
0 	 0 	 0 	 0 	 0 	 0.00156559	
0 	 0 	 0 	 0 	 0 	 0.00157512	
0 	 0 	 0 	 0 	 0 	 0.00156759	
0 	 0 	 0 	 0 	 0 	 0.00158258	
0 	 0 	 0 	 0 	 0 	 0.00156395	
0 	 0 	 0 	 0 	 0 	 0.00156524	
0 	 0 	 0 	 0 	 0 	 0.00157374	
0 	 0 	 0 	 0 	 0 	 0.00156473	
0 	 0 	 0 	 0 	 0 	 0.00156884	
0 	 0 	 0 	 0 	 0 	 0.00157459	
0 	 0 	 0 	 0 	 0 	 0.00157073	
0 	 0 	 0 	 0 	 0 	 0.00155868	
0 	 0 	 0 	 0 	 0 	 0.00156566	
0 	 0 	 0 	 0 	 0 	 0.00157037	
0 	 0 	 0 	 0 	 0 	 0.00160177	
0 	 0 	 0 	 0 	 0 	 0.00165226	
0 	 0 	 0 	 0 	 0 	 0.00169373	
0 	 0 	 0 	 0 	 0 	 0.00172927	
0 	 0 	 0 	 0 	 0 	 0.0017197	
0 	 0 	 0 	 0 	 0 	 0.00171958	
0 	 0 	 0 	 0 	 0 	 0.00172979	
0 	 0 	 0 	 0 	 0 	 0.00173071	
0 	 0 	 0 	 0 	 0 	 0.00172797	
0 	 0 	 0 	 0 	 0 	 0.00173536	
0 	 0 	 0 	 0 	 0 	 0.0017471	
0 	 0 	 0 	 0 	 0 	 0.00175703	
0 	 0 	 0 	 0 	 0 	 0.0017566	
0 	 0 	 0 	 0 	 0 	 0.00175925	
0 	 0 	 0 	 0 	 0 	 0.00176645	
0 	 0 	 0 	 0 	 0 	 0.00178247	
0 	 0 	 0 	 0 	 0 	 0.00176549	
0 	 0 	 0 	 0 	 0 	 0.00190547	
0 	 0 	 0 	 0 	 0 	 0.00189609	
0 	 0 	 0 	 0 	 0 	 0.00186261	
0 	 0 	 0 	 0 	 0 	 0.00181877	
0 	 0 	 0 	 0 	 0 	 0.00174834	
0 	 0 	 0 	 0 	 0 	 0.00174039	
0 	 0 	 0 	 0 	 0 	 0.00171433	
0 	 0 	 0 	 0 	 0 	 0.00170754	
0 	 0 	 0 	 0 	 0 	 0.00154335	
0 	 0 	 0 	 0 	 0 	 0.00152155	
0 	 0 	 0 	 0 	 0 	 0.00152241	
0 	 0 	 0 	 0 	 0 	 0.00152122	
0 	 0 	 0 	 0 	 0 	 0.00152107	
0 	 0 	 0 	 0 	 0 	 0.00151607	
0 	 0 	 0 	 0 	 0 	 0.00151784	
0 	 0 	 0 	 0 	 0 	 0.00152401	
0 	 0 	 0 	 0 	 0 	 0.00152064	
0 	 0 	 0 	 0 	 0 	 0.0015213	
0 	 0 	 0 	 0 	 0 	 0.00153805	
0 	 0 	 0 	 0 	 0 	 0.0015391	
0 	 0 	 0 	 0 	 0 	 0.00153194	
0 	 0 	 0 	 0 	 0 	 0.00154535	
0 	 0 	 0 	 0 	 0 	 0.00155302	
0 	 0 	 0 	 0 	 0 	 0.00154253	
0 	 0 	 0 	 0 	 0 	 0.00155304	
0 	 0 	 0 	 0 	 0 	 0.00155952	
0 	 0 	 0 	 0 	 0 	 0.00155567	
0 	 0 	 0 	 0 	 0 	 0.00155234	
0 	 0 	 0 	 0 	 0 	 0.00154654	
0 	 0 	 0 	 0 	 0 	 0.00155254	
0 	 0 	 0 	 0 	 0 	 0.00151999	
0 	 0 	 0 	 0 	 0 	 0.00152214	
0 	 0 	 0 	 0 	 0 	 0.00156636	
0 	 0 	 0 	 0 	 0 	 0.00163104	
0 	 0 	 0 	 0 	 0 	 0.00167242	
0 	 0 	 0 	 0 	 0 	 0.00173926	
0 	 0 	 0 	 0 	 0 	 0.00178756	
0 	 0 	 0 	 0 	 0 	 0.00178482	
0 	 0 	 0 	 0 	 0 	 0.00179281	
0 	 0 	 0 	 0 	 0 	 0.00185475	
0 	 0 	 0 	 0 	 0 	 0.00186868	
0 	 0 	 0 	 0 	 0 	 0.00188208	
0 	 0 	 0 	 0 	 0 	 0.00184694	
0 	 0 	 0 	 0 	 0 	 0.00181102	
0 	 0 	 0 	 0 	 0 	 0.00183936	
0 	 0 	 0 	 0 	 0 	 0.00192894	
0 	 0 	 0 	 0 	 0 	 0.00186748	
0 	 0 	 0 	 0 	 0 	 0.00185324	
0 	 0 	 0 	 0 	 0 	 0.00188728	
0 	 0 	 0 	 0 	 0 	 0.00186645	
0 	 0 	 0 	 0 	 0 	 0.0018906	
0 	 0 	 0 	 0 	 0 	 0.00195278	
0 	 0 	 0 	 0 	 0 	 0.00195335	
0 	 0 	 0 	 0 	 0 	 0.00190136	
0 	 0 	 0 	 0 	 0 	 0.00185336	
0 	 0 	 0 	 0 	 0 	 0.00180669	
0 	 0 	 0 	 0 	 0 	 0.001771	
0 	 0 	 0 	 0 	 0 	 0.00177051	
0 	 0 	 0 	 0 	 0 	 0.0014841	
0 	 0 	 0 	 0 	 0 	 0.00147158	
0 	 0 	 0 	 0 	 0 	 0.00147616	
0 	 0 	 0 	 0 	 0 	 0.00148326	
0 	 0 	 0 	 0 	 0 	 0.00147685	
0 	 0 	 0 	 0 	 0 	 0.00147408	
0 	 0 	 0 	 0 	 0 	 0.00146918	
0 	 0 	 0 	 0 	 0 	 0.00148694	
0 	 0 	 0 	 0 	 0 	 0.00148335	
0 	 0 	 0 	 0 	 0 	 0.00148877	
0 	 0 	 0 	 0 	 0 	 0.00149711	
0 	 0 	 0 	 0 	 0 	 0.00150072	
0 	 0 	 0 	 0 	 0 	 0.00150197	
0 	 0 	 0 	 0 	 0 	 0.00150588	
0 	 0 	 0 	 0 	 0 	 0.00152029	
0 	 0 	 0 	 0 	 0 	 0.00148596	
0 	 0 	 0 	 0 	 0 	 0.00151526	
0 	 0 	 0 	 0 	 0 	 0.00152582	
0 	 0 	 0 	 0 	 0 	 0.00153331	
0 	 0 	 0 	 0 	 0 	 0.00151789	
0 	 0 	 0 	 0 	 0 	 0.00152557	
0 	 0 	 0 	 0 	 0 	 0.00148718	
0 	 0 	 0 	 0 	 0 	 0.00152756	
0 	 0 	 0 	 0 	 0 	 0.00152057	
0 	 0 	 0 	 0 	 0 	 0.00152744	
0 	 0 	 0 	 0 	 0 	 0.00158867	
0 	 0 	 0 	 0 	 0 	 0.00164739	
0 	 0 	 0 	 0 	 0 	 0.00173252	
0 	 0 	 0 	 0 	 0 	 0.00177751	
0 	 0 	 0 	 0 	 0 	 0.00182093	
0 	 0 	 0 	 0 	 0 	 0.00184	
0 	 0 	 0 	 0 	 0 	 0.00181425	
0 	 0 	 0 	 0 	 0 	 0.0018461	
0 	 0 	 0 	 0 	 0 	 0.0018104	
0 	 0 	 0 	 0 	 0 	 0.00190793	
0 	 0 	 0 	 0 	 0 	 0.00182423	
0 	 0 	 0 	 0 	 0 	 0.00174993	
0 	 0 	 0 	 0 	 0 	 0.00182532	
0 	 0 	 0 	 0 	 0 	 0.00189103	
0 	 0 	 0 	 0 	 0 	 0.00175678	
0 	 0 	 0 	 0 	 0 	 0.00183705	
0 	 0 	 0 	 0 	 0 	 0.0018757	
0 	 0 	 0 	 0 	 0 	 0.00190845	
0 	 0 	 0 	 0 	 0 	 0.00186161	
0 	 0 	 0 	 0 	 0 	 0.00188888	
0 	 0 	 0 	 0 	 0 	 0.00185822	
0 	 0 	 0 	 0 	 0 	 0.00174742	
0 	 0 	 0 	 0 	 0 	 0.00174967	
0 	 0 	 0 	 0 	 0 	 0.00172504	
0 	 0 	 0 	 0 	 0 	 0.00173629	
0 	 0 	 0 	 0 	 0 	 0.0014654	
0 	 0 	 0 	 0 	 0 	 0.00143928	
0 	 0 	 0 	 0 	 0 	 0.00143839	
0 	 0 	 0 	 0 	 0 	 0.0014404	
0 	 0 	 0 	 0 	 0 	 0.00145222	
0 	 0 	 0 	 0 	 0 	 0.00144262	
0 	 0 	 0 	 0 	 0 	 0.00146704	
0 	 0 	 0 	 0 	 0 	 0.00145238	
0 	 0 	 0 	 0 	 0 	 0.00147016	
0 	 0 	 0 	 0 	 0 	 0.00145897	
0 	 0 	 0 	 0 	 0 	 0.001475	
0 	 0 	 0 	 0 	 0 	 0.00147641	
0 	 0 	 0 	 0 	 0 	 0.00149839	
0 	 0 	 0 	 0 	 0 	 0.00147316	
0 	 0 	 0 	 0 	 0 	 0.00148645	
0 	 0 	 0 	 0 	 0 	 0.00148501	
0 	 0 	 0 	 0 	 0 	 0.00145713	
0 	 0 	 0 	 0 	 0 	 0.0014866	
0 	 0 	 0 	 0 	 0 	 0.00148347	
0 	 0 	 0 	 0 	 0 	 0.00147155	
0 	 0 	 0 	 0 	 0 	 0.00144761	
0 	 0 	 0 	 0 	 0 	 0.00147647	
0 	 0 	 0 	 0 	 0 	 0.00147521	
0 	 0 	 0 	 0 	 0 	 0.00146297	
0 	 0 	 0 	 0 	 0 	 0.00145401	
0 	 0 	 0 	 0 	 0 	 0.00152999	
0 	 0 	 0 	 0 	 0 	 0.00156877	
0 	 0 	 0 	 0 	 0 	 0.00160466	
0 	 0 	 0 	 0 	 0 	 0.00165279	
0 	 0 	 0 	 0 	 0 	 0.00162929	
0 	 0 	 0 	 0 	 0 	 0.00160521	
0 	 0 	 0 	 0 	 0 	 0.00161104	
0 	 0 	 0 	 0 	 0 	 0.00162562	
0 	 0 	 0 	 0 	 0 	 0.00163444	
0 	 0 	 0 	 0 	 0 	 0.00163743	
0 	 0 	 0 	 0 	 0 	 0.00162212	
0 	 0 	 0 	 0 	 0 	 0.00163347	
0 	 0 	 0 	 0 	 0 	 0.00161774	
0 	 0 	 0 	 0 	 0 	 0.00164178	
0 	 0 	 0 	 0 	 0 	 0.00165223	
0 	 0 	 0 	 0 	 0 	 0.00169742	
0 	 0 	 0 	 0 	 0 	 0.00174602	
0 	 0 	 0 	 0 	 0 	 0.00172009	
0 	 0 	 0 	 0 	 0 	 0.00174226	
0 	 0 	 0 	 0 	 0 	 0.00169353	
0 	 0 	 0 	 0 	 0 	 0.00172857	
0 	 0 	 0 	 0 	 0 	 0.00166477	
0 	 0 	 0 	 0 	 0 	 0.00166873	
0 	 0 	 0 	 0 	 0 	 0.00169207	
0 	 0 	 0 	 0 	 0 	 0.00169898	
0 	 0 	 0 	 0 	 0 	 0.0013932	
0 	 0 	 0 	 0 	 0 	 0.00142132	
0 	 0 	 0 	 0 	 0 	 0.00143361	
0 	 0 	 0 	 0 	 0 	 0.00143035	
0 	 0 	 0 	 0 	 0 	 0.00143424	
0 	 0 	 0 	 0 	 0 	 0.00144453	
0 	 0 	 0 	 0 	 0 	 0.00142843	
0 	 0 	 0 	 0 	 0 	 0.00142587	
0 	 0 	 0 	 0 	 0 	 0.001439	
0 	 0 	 0 	 0 	 0 	 0.00143021	
0 	 0 	 0 	 0 	 0 	 0.0014311	
0 	 0 	 0 	 0 	 0 	 0.00143564	
0 	 0 	 0 	 0 	 0 	 0.00145081	
0 	 0 	 0 	 0 	 0 	 0.00143909	
0 	 0 	 0 	 0 	 0 	 0.00144345	
0 	 0 	 0 	 0 	 0 	 0.00144629	
0 	 0 	 0 	 0 	 0 	 0.00144815	
0 	 0 	 0 	 0 	 0 	 0.00144318	
0 	 0 	 0 	 0 	 0 	 0.00144115	
0 	 0 	 0 	 0 	 0 	 0.00143418	
0 	 0 	 0 	 0 	 0 	 0.00143741	
0 	 0 	 0 	 0 	 0 	 0.0014328	
0 	 0 	 0 	 0 	 0 	 0.0014435	
0 	 0 	 0 	 0 	 0 	 0.00144154	
0 	 0 	 0 	 0 	 0 	 0.001441	
0 	 0 	 0 	 0 	 0 	 0.00146118	
0 	 0 	 0 	 0 	 0 	 0.00149789	
0 	 0 	 0 	 0 	 0 	 0.00154302	
0 	 0 	 0 	 0 	 0 	 0.00156454	
0 	 0 	 0 	 0 	 0 	 0.00157934	
0 	 0 	 0 	 0 	 0 	 0.00157936	
0 	 0 	 0 	 0 	 0 	 0.00160236	
0 	 0 	 0 	 0 	 0 	 0.00162141	
0 	 0 	 0 	 0 	 0 	 0.00164548	
0 	 0 	 0 	 0 	 0 	 0.00162052	
0 	 0 	 0 	 0 	 0 	 0.0016144	
0 	 0 	 0 	 0 	 0 	 0.00169425	
0 	 0 	 0 	 0 	 0 	 0.00164612	
0 	 0 	 0 	 0 	 0 	 0.00162618	
0 	 0 	 0 	 0 	 0 	 0.00161611	
0 	 0 	 0 	 0 	 0 	 0.00159173	
0 	 0 	 0 	 0 	 0 	 0.00167247	
0 	 0 	 0 	 0 	 0 	 0.00165244	
0 	 0 	 0 	 0 	 0 	 0.00160091	
0 	 0 	 0 	 0 	 0 	 0.00156911	
0 	 0 	 0 	 0 	 0 	 0.00160251	
0 	 0 	 0 	 0 	 0 	 0.0015941	
0 	 0 	 0 	 0 	 0 	 0.00159246	
0 	 0 	 0 	 0 	 0 	 0.00162702	
0 	 0 	 0 	 0 	 0 	 0.00160731	
0 	 0 	 0 	 0 	 0 	 0.00138706	
0 	 0 	 0 	 0 	 0 	 0.00138485	
0 	 0 	 0 	 0 	 0 	 0.0013917	
0 	 0 	 0 	 0 	 0 	 0.00139112	
0 	 0 	 0 	 0 	 0 	 0.00139124	
0 	 0 	 0 	 0 	 0 	 0.00142028	
0 	 0 	 0 	 0 	 0 	 0.00141029	
0 	 0 	 0 	 0 	 0 	 0.00139429	
0 	 0 	 0 	 0 	 0 	 0.00143859	
0 	 0 	 0 	 0 	 0 	 0.00144043	
0 	 0 	 0 	 0 	 0 	 0.0014156	
0 	 0 	 0 	 0 	 0 	 0.00143739	
0 	 0 	 0 	 0 	 0 	 0.00142785	
0 	 0 	 0 	 0 	 0 	 0.00146527	
0 	 0 	 0 	 0 	 0 	 0.00142809	
0 	 0 	 0 	 0 	 0 	 0.00143109	
0 	 0 	 0 	 0 	 0 	 0.00143845	
0 	 0 	 0 	 0 	 0 	 0.00144717	
0 	 0 	 0 	 0 	 0 	 0.00140194	
0 	 0 	 0 	 0 	 0 	 0.00143897	
0 	 0 	 0 	 0 	 0 	 0.00143333	
0 	 0 	 0 	 0 	 0 	 0.00143693	
0 	 0 	 0 	 0 	 0 	 0.00142225	
0 	 0 	 0 	 0 	 0 	 0.00141456	
0 	 0 	 0 	 0 	 0 	 0.00142473	
0 	 0 	 0 	 0 	 0 	 0.00147279	
0 	 0 	 0 	 0 	 0 	 0.00154345	
0 	 0 	 0 	 0 	 0 	 0.0016124	
0 	 0 	 0 	 0 	 0 	 0.00169688	
0 	 0 	 0 	 0 	 0 	 0.00164769	
0 	 0 	 0 	 0 	 0 	 0.00162882	
0 	 0 	 0 	 0 	 0 	 0.00160309	
0 	 0 	 0 	 0 	 0 	 0.0016375	
0 	 0 	 0 	 0 	 0 	 0.00163281	
0 	 0 	 0 	 0 	 0 	 0.0016621	
0 	 0 	 0 	 0 	 0 	 0.00176079	
0 	 0 	 0 	 0 	 0 	 0.00167551	
0 	 0 	 0 	 0 	 0 	 0.00169199	
0 	 0 	 0 	 0 	 0 	 0.00170169	
0 	 0 	 0 	 0 	 0 	 0.00167366	
0 	 0 	 0 	 0 	 0 	 0.00161557	
0 	 0 	 0 	 0 	 0 	 0.00159304	
0 	 0 	 0 	 0 	 0 	 0.00162136	
0 	 0 	 0 	 0 	 0 	 0.00160747	
0 	 0 	 0 	 0 	 0 	 0.00161303	
0 	 0 	 0 	 0 	 0 	 0.00164496	
0 	 0 	 0 	 0 	 0 	 0.00160894	
0 	 0 	 0 	 0 	 0 	 0.00163954	
0 	 0 	 0 	 0 	 0 	 0.0016637	
0 	 0 	 0 	 0 	 0 	 0.00167794	
0 	 0 	 0 	 0 	 0 	 0.00133802	
0 	 0 	 0 	 0 	 0 	 0.00133891	
0 	 0 	 0 	 0 	 0 	 0.00136348	
0 	 0 	 0 	 0 	 0 	 0.00137378	
0 	 0 	 0 	 0 	 0 	 0.00137543	
0 	 0 	 0 	 0 	 0 	 0.00137619	
0 	 0 	 0 	 0 	 0 	 0.00137018	
0 	 0 	 0 	 0 	 0 	 0.00137169	
0 	 0 	 0 	 0 	 0 	 0.00137668	
0 	 0 	 0 	 0 	 0 	 0.00137122	
0 	 0 	 0 	 0 	 0 	 0.00137473	
0 	 0 	 0 	 0 	 0 	 0.00138429	
0 	 0 	 0 	 0 	 0 	 0.00138075	
0 	 0 	 0 	 0 	 0 	 0.00138045	
0 	 0 	 0 	 0 	 0 	 0.00138525	
0 	 0 	 0 	 0 	 0 	 0.00139294	
0 	 0 	 0 	 0 	 0 	 0.00139393	
0 	 0 	 0 	 0 	 0 	 0.00137322	
0 	 0 	 0 	 0 	 0 	 0.00138162	
0 	 0 	 0 	 0 	 0 	 0.00138555	
0 	 0 	 0 	 0 	 0 	 0.00138358	
0 	 0 	 0 	 0 	 0 	 0.00137776	
0 	 0 	 0 	 0 	 0 	 0.00138483	
0 	 0 	 0 	 0 	 0 	 0.00138745	
0 	 0 	 0 	 0 	 0 	 0.00138498	
0 	 0 	 0 	 0 	 0 	 0.001407	
0 	 0 	 0 	 0 	 0 	 0.00147567	
0 	 0 	 0 	 0 	 0 	 0.00149295	
0 	 0 	 0 	 0 	 0 	 0.00150908	
0 	 0 	 0 	 0 	 0 	 0.0015218	
0 	 0 	 0 	 0 	 0 	 0.00160472	
0 	 0 	 0 	 0 	 0 	 0.00160015	
0 	 0 	 0 	 0 	 0 	 0.00160233	
0 	 0 	 0 	 0 	 0 	 0.00158871	
0 	 0 	 0 	 0 	 0 	 0.00162017	
0 	 0 	 0 	 0 	 0 	 0.00168986	
0 	 0 	 0 	 0 	 0 	 0.00161623	
0 	 0 	 0 	 0 	 0 	 0.00154366	
0 	 0 	 0 	 0 	 0 	 0.00150136	
0 	 0 	 0 	 0 	 0 	 0.00152702	
0 	 0 	 0 	 0 	 0 	 0.00154912	
0 	 0 	 0 	 0 	 0 	 0.00151723	
0 	 0 	 0 	 0 	 0 	 0.00158126	
0 	 0 	 0 	 0 	 0 	 0.00169738	
0 	 0 	 0 	 0 	 0 	 0.00166393	
0 	 0 	 0 	 0 	 0 	 0.00165335	
0 	 0 	 0 	 0 	 0 	 0.00159032	
0 	 0 	 0 	 0 	 0 	 0.00153744	
0 	 0 	 0 	 0 	 0 	 0.00150315	
0 	 0 	 0 	 0 	 0 	 0.00152128	
0 	 0 	 0 	 0 	 0 	 0.00131038	
0 	 0 	 0 	 0 	 0 	 0.00132146	
0 	 0 	 0 	 0 	 0 	 0.00132137	
0 	 0 	 0 	 0 	 0 	 0.00132255	
0 	 0 	 0 	 0 	 0 	 0.00132211	
0 	 0 	 0 	 0 	 0 	 0.00132259	
0 	 0 	 0 	 0 	 0 	 0.00132714	
0 	 0 	 0 	 0 	 0 	 0.0013311	
0 	 0 	 0 	 0 	 0 	 0.00133052	
0 	 0 	 0 	 0 	 0 	 0.00132672	
0 	 0 	 0 	 0 	 0 	 0.0013232	
0 	 0 	 0 	 0 	 0 	 0.00131837	
0 	 0 	 0 	 0 	 0 	 0.0013348	
0 	 0 	 0 	 0 	 0 	 0.00133494	
0 	 0 	 0 	 0 	 0 	 0.00134553	
0 	 0 	 0 	 0 	 0 	 0.00133736	
0 	 0 	 0 	 0 	 0 	 0.00135233	
0 	 0 	 0 	 0 	 0 	 0.00135984	
0 	 0 	 0 	 0 	 0 	 0.00136123	
0 	 0 	 0 	 0 	 0 	 0.00133522	
0 	 0 	 0 	 0 	 0 	 0.00134074	
0 	 0 	 0 	 0 	 0 	 0.00134824	
0 	 0 	 0 	 0 	 0 	 0.00135265	
0 	 0 	 0 	 0 	 0 	 0.00134682	
0 	 0 	 0 	 0 	 0 	 0.00134601	
0 	 0 	 0 	 0 	 0 	 0.00141079	
0 	 0 	 0 	 0 	 0 	 0.00144445	
0 	 0 	 0 	 0 	 0 	 0.00147326	
0 	 0 	 0 	 0 	 0 	 0.00148041	
0 	 0 	 0 	 0 	 0 	 0.00148646	
0 	 0 	 0 	 0 	 0 	 0.00151491	
0 	 0 	 0 	 0 	 0 	 0.00150192	
0 	 0 	 0 	 0 	 0 	 0.00150715	
0 	 0 	 0 	 0 	 0 	 0.00149013	
0 	 0 	 0 	 0 	 0 	 0.00149611	
0 	 0 	 0 	 0 	 0 	 0.00150904	
0 	 0 	 0 	 0 	 0 	 0.00152868	
0 	 0 	 0 	 0 	 0 	 0.00151733	
0 	 0 	 0 	 0 	 0 	 0.00150317	
0 	 0 	 0 	 0 	 0 	 0.00150121	
0 	 0 	 0 	 0 	 0 	 0.00150759	
0 	 0 	 0 	 0 	 0 	 0.00153823	
0 	 0 	 0 	 0 	 0 	 0.00153406	
0 	 0 	 0 	 0 	 0 	 0.00151939	
0 	 0 	 0 	 0 	 0 	 0.00153425	
0 	 0 	 0 	 0 	 0 	 0.00151846	
0 	 0 	 0 	 0 	 0 	 0.00157444	
0 	 0 	 0 	 0 	 0 	 0.00155629	
0 	 0 	 0 	 0 	 0 	 0.00150505	
0 	 0 	 0 	 0 	 0 	 0.00148813	
0 	 0 	 0 	 0 	 0 	 0.00132021	
0 	 0 	 0 	 0 	 0 	 0.00130474	
0 	 0 	 0 	 0 	 0 	 0.00130101	
0 	 0 	 0 	 0 	 0 	 0.00130289	
0 	 0 	 0 	 0 	 0 	 0.00130428	
0 	 0 	 0 	 0 	 0 	 0.00130607	
0 	 0 	 0 	 0 	 0 	 0.00130549	
0 	 0 	 0 	 0 	 0 	 0.00130025	
0 	 0 	 0 	 0 	 0 	 0.00131495	
0 	 0 	 0 	 0 	 0 	 0.00131018	
0 	 0 	 0 	 0 	 0 	 0.00130857	
0 	 0 	 0 	 0 	 0 	 0.00134441	
0 	 0 	 0 	 0 	 0 	 0.00132487	
0 	 0 	 0 	 0 	 0 	 0.00131148	
0 	 0 	 0 	 0 	 0 	 0.00132941	
0 	 0 	 0 	 0 	 0 	 0.00130931	
0 	 0 	 0 	 0 	 0 	 0.00131441	
0 	 0 	 0 	 0 	 0 	 0.00131592	
0 	 0 	 0 	 0 	 0 	 0.00132108	
0 	 0 	 0 	 0 	 0 	 0.001319	
0 	 0 	 0 	 0 	 0 	 0.0013235	
0 	 0 	 0 	 0 	 0 	 0.00133945	
0 	 0 	 0 	 0 	 0 	 0.00133442	
0 	 0 	 0 	 0 	 0 	 0.00133909	
0 	 0 	 0 	 0 	 0 	 0.001335	
0 	 0 	 0 	 0 	 0 	 0.00142251	
0 	 0 	 0 	 0 	 0 	 0.00145991	
0 	 0 	 0 	 0 	 0 	 0.00147183	
0 	 0 	 0 	 0 	 0 	 0.00150882	
0 	 0 	 0 	 0 	 0 	 0.00154869	
0 	 0 	 0 	 0 	 0 	 0.00154935	
0 	 0 	 0 	 0 	 0 	 0.00157075	
0 	 0 	 0 	 0 	 0 	 0.00157027	
0 	 0 	 0 	 0 	 0 	 0.00157661	
0 	 0 	 0 	 0 	 0 	 0.00157616	
0 	 0 	 0 	 0 	 0 	 0.00155252	
0 	 0 	 0 	 0 	 0 	 0.00164785	
0 	 0 	 0 	 0 	 0 	 0.00161988	
0 	 0 	 0 	 0 	 0 	 0.00158394	
0 	 0 	 0 	 0 	 0 	 0.0015445	
0 	 0 	 0 	 0 	 0 	 0.00151639	
0 	 0 	 0 	 0 	 0 	 0.00150633	
0 	 0 	 0 	 0 	 0 	 0.00150727	
0 	 0 	 0 	 0 	 0 	 0.00153768	
0 	 0 	 0 	 0 	 0 	 0.00154934	
0 	 0 	 0 	 0 	 0 	 0.00159889	
0 	 0 	 0 	 0 	 0 	 0.00164219	
0 	 0 	 0 	 0 	 0 	 0.00154093	
0 	 0 	 0 	 0 	 0 	 0.00162487	
0 	 0 	 0 	 0 	 0 	 0.00159647	
0 	 0 	 0 	 0 	 0 	 0.00125912	
0 	 0 	 0 	 0 	 0 	 0.00126291	
0 	 0 	 0 	 0 	 0 	 0.00128222	
0 	 0 	 0 	 0 	 0 	 0.0012853	
0 	 0 	 0 	 0 	 0 	 0.00128937	
0 	 0 	 0 	 0 	 0 	 0.00129258	
0 	 0 	 0 	 0 	 0 	 0.00129501	
0 	 0 	 0 	 0 	 0 	 0.00130011	
0 	 0 	 0 	 0 	 0 	 0.00128976	
0 	 0 	 0 	 0 	 0 	 0.0012996	
0 	 0 	 0 	 0 	 0 	 0.00128703	
0 	 0 	 0 	 0 	 0 	 0.00128863	
0 	 0 	 0 	 0 	 0 	 0.00129783	
0 	 0 	 0 	 0 	 0 	 0.00129105	
0 	 0 	 0 	 0 	 0 	 0.00128584	
0 	 0 	 0 	 0 	 0 	 0.00128687	
0 	 0 	 0 	 0 	 0 	 0.00129619	
0 	 0 	 0 	 0 	 0 	 0.00128922	
0 	 0 	 0 	 0 	 0 	 0.00130209	
0 	 0 	 0 	 0 	 0 	 0.00129691	
0 	 0 	 0 	 0 	 0 	 0.00129752	
0 	 0 	 0 	 0 	 0 	 0.00129345	
0 	 0 	 0 	 0 	 0 	 0.00128606	
0 	 0 	 0 	 0 	 0 	 0.00128337	
0 	 0 	 0 	 0 	 0 	 0.00128823	
0 	 0 	 0 	 0 	 0 	 0.00133092	
0 	 0 	 0 	 0 	 0 	 0.00139771	
0 	 0 	 0 	 0 	 0 	 0.00143579	
0 	 0 	 0 	 0 	 0 	 0.00146978	
0 	 0 	 0 	 0 	 0 	 0.00147797	
0 	 0 	 0 	 0 	 0 	 0.00147131	
0 	 0 	 0 	 0 	 0 	 0.00146113	
0 	 0 	 0 	 0 	 0 	 0.00143836	
0 	 0 	 0 	 0 	 0 	 0.00154673	
0 	 0 	 0 	 0 	 0 	 0.00152575	
0 	 0 	 0 	 0 	 0 	 0.00148501	
0 	 0 	 0 	 0 	 0 	 0.00147668	
0 	 0 	 0 	 0 	 0 	 0.00147669	
0 	 0 	 0 	 0 	 0 	 0.00144533	
0 	 0 	 0 	 0 	 0 	 0.00144351	
0 	 0 	 0 	 0 	 0 	 0.00141967	
0 	 0 	 0 	 0 	 0 	 0.00147033	
0 	 0 	 0 	 0 	 0 	 0.00145694	
0 	 0 	 0 	 0 	 0 	 0.00146963	
0 	 0 	 0 	 0 	 0 	 0.00147253	
0 	 0 	 0 	 0 	 0 	 0.00144798	
0 	 0 	 0 	 0 	 0 	 0.00146852	
0 	 0 	 0 	 0 	 0 	 0.00147531	
0 	 0 	 0 	 0 	 0 	 0.00147275	
0 	 0 	 0 	 0 	 0 	 0.00144639	
0 	 0 	 0 	 0 	 0 	 0.0012256	
0 	 0 	 0 	 0 	 0 	 0.00122721	
0 	 0 	 0 	 0 	 0 	 0.00124431	
0 	 0 	 0 	 0 	 0 	 0.00123908	
0 	 0 	 0 	 0 	 0 	 0.00123857	
0 	 0 	 0 	 0 	 0 	 0.00123346	
0 	 0 	 0 	 0 	 0 	 0.0012429	
0 	 0 	 0 	 0 	 0 	 0.00124028	
0 	 0 	 0 	 0 	 0 	 0.00125174	
0 	 0 	 0 	 0 	 0 	 0.0012587	
0 	 0 	 0 	 0 	 0 	 0.00125416	
0 	 0 	 0 	 0 	 0 	 0.00125749	
0 	 0 	 0 	 0 	 0 	 0.00124964	
0 	 0 	 0 	 0 	 0 	 0.00125256	
0 	 0 	 0 	 0 	 0 	 0.00125672	
0 	 0 	 0 	 0 	 0 	 0.00128083	
0 	 0 	 0 	 0 	 0 	 0.00126135	
0 	 0 	 0 	 0 	 0 	 0.00125976	
0 	 0 	 0 	 0 	 0 	 0.00128302	
0 	 0 	 0 	 0 	 0 	 0.00125687	
0 	 0 	 0 	 0 	 0 	 0.00124571	
0 	 0 	 0 	 0 	 0 	 0.00127453	
0 	 0 	 0 	 0 	 0 	 0.00129343	
0 	 0 	 0 	 0 	 0 	 0.00128985	
0 	 0 	 0 	 0 	 0 	 0.00128217	
0 	 0 	 0 	 0 	 0 	 0.00134246	
0 	 0 	 0 	 0 	 0 	 0.00144186	
0 	 0 	 0 	 0 	 0 	 0.0014886	
0 	 0 	 0 	 0 	 0 	 0.00150664	
0 	 0 	 0 	 0 	 0 	 0.00150683	
0 	 0 	 0 	 0 	 0 	 0.00148768	
0 	 0 	 0 	 0 	 0 	 0.00148909	
0 	 0 	 0 	 0 	 0 	 0.0015359	
0 	 0 	 0 	 0 	 0 	 0.00151056	
0 	 0 	 0 	 0 	 0 	 0.00144945	
0 	 0 	 0 	 0 	 0 	 0.0014676	
0 	 0 	 0 	 0 	 0 	 0.00148845	
0 	 0 	 0 	 0 	 0 	 0.00145444	
0 	 0 	 0 	 0 	 0 	 0.00142649	
0 	 0 	 0 	 0 	 0 	 0.00149287	
0 	 0 	 0 	 0 	 0 	 0.00155662	
0 	 0 	 0 	 0 	 0 	 0.00154065	
0 	 0 	 0 	 0 	 0 	 0.00145586	
0 	 0 	 0 	 0 	 0 	 0.0014716	
0 	 0 	 0 	 0 	 0 	 0.0014987	
0 	 0 	 0 	 0 	 0 	 0.00148082	
0 	 0 	 0 	 0 	 0 	 0.00155593	
0 	 0 	 0 	 0 	 0 	 0.00155194	
0 	 0 	 0 	 0 	 0 	 0.00149179	
0 	 0 	 0 	 0 	 0 	 0.00144101	
0 	 0 	 0 	 0 	 0 	 0.00122104	
0 	 0 	 0 	 0 	 0 	 0.00121236	
0 	 0 	 0 	 0 	 0 	 0.00121108	
0 	 0 	 0 	 0 	 0 	 0.00121445	
0 	 0 	 0 	 0 	 0 	 0.00120809	
0 	 0 	 0 	 0 	 0 	 0.00121096	
0 	 0 	 0 	 0 	 0 	 0.00120941	
0 	 0 	 0 	 0 	 0 	 0.0012021	
0 	 0 	 0 	 0 	 0 	 0.00120179	
0 	 0 	 0 	 0 	 0 	 0.00122026	
0 	 0 	 0 	 0 	 0 	 0.00122875	
0 	 0 	 0 	 0 	 0 	 0.00121672	
0 	 0 	 0 	 0 	 0 	 0.00121435	
0 	 0 	 0 	 0 	 0 	 0.00121199	
0 	 0 	 0 	 0 	 0 	 0.00121192	
0 	 0 	 0 	 0 	 0 	 0.00122874	
0 	 0 	 0 	 0 	 0 	 0.00121451	
0 	 0 	 0 	 0 	 0 	 0.00121498	
0 	 0 	 0 	 0 	 0 	 0.00121597	
0 	 0 	 0 	 0 	 0 	 0.0012157	
0 	 0 	 0 	 0 	 0 	 0.00122648	
0 	 0 	 0 	 0 	 0 	 0.00123275	
0 	 0 	 0 	 0 	 0 	 0.00121256	
0 	 0 	 0 	 0 	 0 	 0.00121052	
0 	 0 	 0 	 0 	 0 	 0.00121655	
0 	 0 	 0 	 0 	 0 	 0.00127237	
0 	 0 	 0 	 0 	 0 	 0.00129647	
0 	 0 	 0 	 0 	 0 	 0.00135067	
0 	 0 	 0 	 0 	 0 	 0.00141127	
0 	 0 	 0 	 0 	 0 	 0.00136417	
0 	 0 	 0 	 0 	 0 	 0.00134015	
0 	 0 	 0 	 0 	 0 	 0.00132702	
0 	 0 	 0 	 0 	 0 	 0.00136996	
0 	 0 	 0 	 0 	 0 	 0.0013846	
0 	 0 	 0 	 0 	 0 	 0.00139562	
0 	 0 	 0 	 0 	 0 	 0.00137683	
0 	 0 	 0 	 0 	 0 	 0.00133997	
0 	 0 	 0 	 0 	 0 	 0.0013502	
0 	 0 	 0 	 0 	 0 	 0.00139888	
0 	 0 	 0 	 0 	 0 	 0.00138922	
0 	 0 	 0 	 0 	 0 	 0.00139752	
0 	 0 	 0 	 0 	 0 	 0.00139901	
0 	 0 	 0 	 0 	 0 	 0.00144831	
0 	 0 	 0 	 0 	 0 	 0.00139352	
0 	 0 	 0 	 0 	 0 	 0.00138513	
0 	 0 	 0 	 0 	 0 	 0.00141006	
0 	 0 	 0 	 0 	 0 	 0.00140667	
0 	 0 	 0 	 0 	 0 	 0.0013697	
0 	 0 	 0 	 0 	 0 	 0.00137829	
0 	 0 	 0 	 0 	 0 	 0.00137029	
0 	 0 	 0 	 0 	 0 	 0.00115908	
0 	 0 	 0 	 0 	 0 	 0.00116026	
0 	 0 	 0 	 0 	 0 	 0.00118549	
0 	 0 	 0 	 0 	 0 	 0.00119597	
0 	 0 	 0 	 0 	 0 	 0.00119865	
0 	 0 	 0 	 0 	 0 	 0.00118957	
0 	 0 	 0 	 0 	 0 	 0.00120328	
0 	 0 	 0 	 0 	 0 	 0.00119328	
0 	 0 	 0 	 0 	 0 	 0.00120117	
0 	 0 	 0 	 0 	 0 	 0.00120325	
0 	 0 	 0 	 0 	 0 	 0.00120575	
0 	 0 	 0 	 0 	 0 	 0.00121259	
0 	 0 	 0 	 0 	 0 	 0.00120241	
0 	 0 	 0 	 0 	 0 	 0.00121445	
0 	 0 	 0 	 0 	 0 	 0.00120316	
0 	 0 	 0 	 0 	 0 	 0.00119821	
0 	 0 	 0 	 0 	 0 	 0.0012036	
0 	 0 	 0 	 0 	 0 	 0.00121792	
0 	 0 	 0 	 0 	 0 	 0.00121409	
0 	 0 	 0 	 0 	 0 	 0.00121606	
0 	 0 	 0 	 0 	 0 	 0.00122174	
0 	 0 	 0 	 0 	 0 	 0.00120912	
0 	 0 	 0 	 0 	 0 	 0.00122352	
0 	 0 	 0 	 0 	 0 	 0.00121145	
0 	 0 	 0 	 0 	 0 	 0.00119879	
0 	 0 	 0 	 0 	 0 	 0.00127705	
0 	 0 	 0 	 0 	 0 	 0.00129771	
0 	 0 	 0 	 0 	 0 	 0.00135773	
0 	 0 	 0 	 0 	 0 	 0.00141741	
0 	 0 	 0 	 0 	 0 	 0.00139803	
0 	 0 	 0 	 0 	 0 	 0.00141588	
0 	 0 	 0 	 0 	 0 	 0.0013724	
0 	 0 	 0 	 0 	 0 	 0.00133087	
0 	 0 	 0 	 0 	 0 	 0.00139195	
0 	 0 	 0 	 0 	 0 	 0.0014682	
0 	 0 	 0 	 0 	 0 	 0.0013577	
0 	 0 	 0 	 0 	 0 	 0.00132728	
0 	 0 	 0 	 0 	 0 	 0.00143001	
0 	 0 	 0 	 0 	 0 	 0.00141567	
0 	 0 	 0 	 0 	 0 	 0.00136127	
0 	 0 	 0 	 0 	 0 	 0.00142103	
0 	 0 	 0 	 0 	 0 	 0.00138115	
0 	 0 	 0 	 0 	 0 	 0.00146639	
0 	 0 	 0 	 0 	 0 	 0.00145304	
0 	 0 	 0 	 0 	 0 	 0.00147052	
0 	 0 	 0 	 0 	 0 	 0.00144475	
0 	 0 	 0 	 0 	 0 	 0.00146778	
0 	 0 	 0 	 0 	 0 	 0.00150084	
0 	 0 	 0 	 0 	 0 	 0.00143176	
0 	 0 	 0 	 0 	 0 	 0.00144419	
0 	 0 	 0 	 0 	 0 	 0.00111021	
0 	 0 	 0 	 0 	 0 	 0.00114865	
0 	 0 	 0 	 0 	 0 	 0.001163	
0 	 0 	 0 	 0 	 0 	 0.00117865	
0 	 0 	 0 	 0 	 0 	 0.00117795	
0 	 0 	 0 	 0 	 0 	 0.00116227	
0 	 0 	 0 	 0 	 0 	 0.00116357	
0 	 0 	 0 	 0 	 0 	 0.00115777	
0 	 0 	 0 	 0 	 0 	 0.00116073	
0 	 0 	 0 	 0 	 0 	 0.00115917	
0 	 0 	 0 	 0 	 0 	 0.0011631	
0 	 0 	 0 	 0 	 0 	 0.00117285	
0 	 0 	 0 	 0 	 0 	 0.00117676	
0 	 0 	 0 	 0 	 0 	 0.0011751	
0 	 0 	 0 	 0 	 0 	 0.00117858	
0 	 0 	 0 	 0 	 0 	 0.00117483	
0 	 0 	 0 	 0 	 0 	 0.00117336	
0 	 0 	 0 	 0 	 0 	 0.00116433	
0 	 0 	 0 	 0 	 0 	 0.00116878	
0 	 0 	 0 	 0 	 0 	 0.00115278	
0 	 0 	 0 	 0 	 0 	 0.00114557	
0 	 0 	 0 	 0 	 0 	 0.0011589	
0 	 0 	 0 	 0 	 0 	 0.00116035	
0 	 0 	 0 	 0 	 0 	 0.00116565	
0 	 0 	 0 	 0 	 0 	 0.00117417	
0 	 0 	 0 	 0 	 0 	 0.00118363	
0 	 0 	 0 	 0 	 0 	 0.0012291	
0 	 0 	 0 	 0 	 0 	 0.00127648	
0 	 0 	 0 	 0 	 0 	 0.0013091	
0 	 0 	 0 	 0 	 0 	 0.00136354	
0 	 0 	 0 	 0 	 0 	 0.00135738	
0 	 0 	 0 	 0 	 0 	 0.00137112	
0 	 0 	 0 	 0 	 0 	 0.00137572	
0 	 0 	 0 	 0 	 0 	 0.00134527	
0 	 0 	 0 	 0 	 0 	 0.00138624	
0 	 0 	 0 	 0 	 0 	 0.00134088	
0 	 0 	 0 	 0 	 0 	 0.0012878	
0 	 0 	 0 	 0 	 0 	 0.00126807	
0 	 0 	 0 	 0 	 0 	 0.00126341	
0 	 0 	 0 	 0 	 0 	 0.00128617	
0 	 0 	 0 	 0 	 0 	 0.00126149	
0 	 0 	 0 	 0 	 0 	 0.00125962	
0 	 0 	 0 	 0 	 0 	 0.00132703	
0 	 0 	 0 	 0 	 0 	 0.00140565	
0 	 0 	 0 	 0 	 0 	 0.00138247	
0 	 0 	 0 	 0 	 0 	 0.00139758	
0 	 0 	 0 	 0 	 0 	 0.00138202	
0 	 0 	 0 	 0 	 0 	 0.00135373	
0 	 0 	 0 	 0 	 0 	 0.00128315	
0 	 0 	 0 	 0 	 0 	 0.0012418	
0 	 0 	 0 	 0 	 0 	 0.00114237	
0 	 0 	 0 	 0 	 0 	 0.00113431	
0 	 0 	 0 	 0 	 0 	 0.00113478	
0 	 0 	 0 	 0 	 0 	 0.00113064	
0 	 0 	 0 	 0 	 0 	 0.00113255	
0 	 0 	 0 	 0 	 0 	 0.00113218	
0 	 0 	 0 	 0 	 0 	 0.00113603	
0 	 0 	 0 	 0 	 0 	 0.00113719	
0 	 0 	 0 	 0 	 0 	 0.00113156	
0 	 0 	 0 	 0 	 0 	 0.00113507	
0 	 0 	 0 	 0 	 0 	 0.00113452	
0 	 0 	 0 	 0 	 0 	 0.00113578	
0 	 0 	 0 	 0 	 0 	 0.00113654	
0 	 0 	 0 	 0 	 0 	 0.00113566	
0 	 0 	 0 	 0 	 0 	 0.00113631	
0 	 0 	 0 	 0 	 0 	 0.00113443	
0 	 0 	 0 	 0 	 0 	 0.00113634	
0 	 0 	 0 	 0 	 0 	 0.00113159	
0 	 0 	 0 	 0 	 0 	 0.00113462	
0 	 0 	 0 	 0 	 0 	 0.00113468	
0 	 0 	 0 	 0 	 0 	 0.00113483	
0 	 0 	 0 	 0 	 0 	 0.00113654	
0 	 0 	 0 	 0 	 0 	 0.00112984	
0 	 0 	 0 	 0 	 0 	 0.00113196	
0 	 0 	 0 	 0 	 0 	 0.00113346	
0 	 0 	 0 	 0 	 0 	 0.00115805	
0 	 0 	 0 	 0 	 0 	 0.00117698	
0 	 0 	 0 	 0 	 0 	 0.00119476	
0 	 0 	 0 	 0 	 0 	 0.00123942	
0 	 0 	 0 	 0 	 0 	 0.00123017	
0 	 0 	 0 	 0 	 0 	 0.00124321	
0 	 0 	 0 	 0 	 0 	 0.00121403	
0 	 0 	 0 	 0 	 0 	 0.00119252	
0 	 0 	 0 	 0 	 0 	 0.0012558	
0 	 0 	 0 	 0 	 0 	 0.00123627	
0 	 0 	 0 	 0 	 0 	 0.001287	
0 	 0 	 0 	 0 	 0 	 0.0012825	
0 	 0 	 0 	 0 	 0 	 0.00132215	
0 	 0 	 0 	 0 	 0 	 0.00136326	
0 	 0 	 0 	 0 	 0 	 0.00134923	
0 	 0 	 0 	 0 	 0 	 0.00130487	
0 	 0 	 0 	 0 	 0 	 0.00124179	
0 	 0 	 0 	 0 	 0 	 0.00119015	
0 	 0 	 0 	 0 	 0 	 0.00122901	
0 	 0 	 0 	 0 	 0 	 0.00125424	
0 	 0 	 0 	 0 	 0 	 0.00123403	
0 	 0 	 0 	 0 	 0 	 0.00121993	
0 	 0 	 0 	 0 	 0 	 0.0012143	
0 	 0 	 0 	 0 	 0 	 0.00119896	
0 	 0 	 0 	 0 	 0 	 0.00118583	
0 	 0 	 0 	 0 	 0 	 0.00109521	
0 	 0 	 0 	 0 	 0 	 0.0010797	
0 	 0 	 0 	 0 	 0 	 0.00107878	
0 	 0 	 0 	 0 	 0 	 0.0010902	
0 	 0 	 0 	 0 	 0 	 0.00110402	
0 	 0 	 0 	 0 	 0 	 0.0010967	
0 	 0 	 0 	 0 	 0 	 0.00111662	
0 	 0 	 0 	 0 	 0 	 0.00111397	
0 	 0 	 0 	 0 	 0 	 0.00111853	
0 	 0 	 0 	 0 	 0 	 0.00111313	
0 	 0 	 0 	 0 	 0 	 0.00110501	
0 	 0 	 0 	 0 	 0 	 0.00110707	
0 	 0 	 0 	 0 	 0 	 0.00111997	
0 	 0 	 0 	 0 	 0 	 0.0011184	
0 	 0 	 0 	 0 	 0 	 0.00112208	
0 	 0 	 0 	 0 	 0 	 0.001131	
0 	 0 	 0 	 0 	 0 	 0.00115109	
0 	 0 	 0 	 0 	 0 	 0.00113425	
0 	 0 	 0 	 0 	 0 	 0.0011176	
0 	 0 	 0 	 0 	 0 	 0.0010955	
0 	 0 	 0 	 0 	 0 	 0.00109584	
0 	 0 	 0 	 0 	 0 	 0.0011061	
0 	 0 	 0 	 0 	 0 	 0.00110901	
0 	 0 	 0 	 0 	 0 	 0.00110135	
0 	 0 	 0 	 0 	 0 	 0.00112359	
