AgentState_t	AgentState_x0	AgentState_u0	AgentState_v0	Cost	Debug_Cost
0	0.492215	0	0 	 9.2693	7.71546	
0.1	0.488031	0	0 	 9.11499	10.2441	
0.2	0.485748	0	0 	 9.06726	8.90444	
0.3	0.484991	0	0 	 8.90821	8.87654	
0.4	0.485547	0	0 	 8.94477	8.00556	
0.5	0.487274	0	0 	 8.67139	8.05569	
0.6	0.490066	0	0 	 8.45612	8.02007	
0.7	0.493839	0	0 	 8.27433	8.01195	
0.8	0.498525	0	0 	 8.18813	8.21391	
0.9	0.504068	0	0 	 7.83265	8.53759	
1	0.510419	0	0 	 7.89182	9.0514	
1.1	0.517536	0	0 	 7.48492	9.50165	
1.2	0.525383	0	0 	 7.46683	10.0533	
1.3	0.533926	0	0 	 7.05767	10.6001	
1.4	0.543136	0	0 	 7.00851	10.9213	
1.5	0.552986	0	0 	 6.81376	10.783	
1.6	0.563452	0	0 	 6.78008	10.6432	
1.7	0.574501	0	0 	 6.85885	10.4495	
1.8	0.586051	0	0 	 6.76512	10.3497	
1.9	0.598049	0	0 	 6.31782	10.1483	
2	0.610438	0	0 	 5.92598	9.968	
2.1	0.623223	0	0 	 5.9627	9.82039	
2.2	0.636343	0	0 	 5.70579	9.57872	
2.3	0.649749	0	0 	 5.80386	9.37178	
2.4	0.663449	0	0 	 5.42667	9.2693	
2.5	0.677395	0	0 	 5.26319	9.05602	
2.6	0.691559	0	0 	 4.99873	8.98909	
2.7	0.705931	0	0 	 4.89342	8.88818	
2.8	0.720482	0	0 	 4.81655	8.96316	
2.9	0.735206	0	0 	 4.81943	9.17211	
3	0.750069	0	0 	 4.40722	9.27694	
3.1	0.765083	0	0 	 4.27633	9.18463	
3.2	0.780215	0	0 	 4.00672	9.4444	
3.3	0.795452	0	0 	 4.04794	9.60114	
3.4	0.81079	0	0 	 3.85117	9.62156	
3.5	0.826202	0	0 	 3.64053	9.73348	
3.6	0.841697	0	0 	 3.51888	9.65695	
3.7	0.857244	0	0 	 3.47422	9.7255	
3.8	0.87286	0	0 	 3.23483	9.73153	
3.9	0.888514	0	0 	 3.24193	9.64315	
4	0.904212	0	0 	 3.16384	9.57333	
4.1	0.91993	0	0 	 2.95024	9.51446	
4.2	0.935684	0	0 	 2.79492	9.46359	
4.3	0.951449	0	0 	 2.70019	9.36635	
4.4	0.967243	0	0 	 2.51415	9.29028	
4.5	0.98304	0	0 	 2.55813	9.21765	
4.6	0.998838	0	0 	 2.37291	9.16876	
4.7	1.01463	0	0 	 2.21986	9.18204	
4.8	1.03041	0	0 	 2.19532	9.14411	
4.9	1.04618	0	0 	 2.05514	9.11499	
5	1.06194	0	0 	 1.98626	8.97329	
5.1	1.07768	0	0 	 1.94054	9.0514	
5.2	1.09338	0	0 	 1.87051	9.12743	
5.3	1.10906	0	0 	 1.79883	9.05281	
5.4	1.12471	0	0 	 1.71317	9.10369	
5.5	1.14033	0	0 	 1.60716	9.07928	
5.6	1.15591	0	0 	 1.55285	9.11061	
5.7	1.17145	0	0 	 1.47359	9.13849	
5.8	1.18695	0	0 	 1.39349	9.1836	
5.9	1.20241	0	0 	 1.323	9.18197	
6	1.21781	0	0 	 1.25871	9.10079	
0 	 0 	 0 	 0 	 0 	 9.18075	
0 	 0 	 0 	 0 	 0 	 9.12563	
0 	 0 	 0 	 0 	 0 	 9.24176	
0 	 0 	 0 	 0 	 0 	 9.29745	
0 	 0 	 0 	 0 	 0 	 9.2422	
0 	 0 	 0 	 0 	 0 	 9.17061	
0 	 0 	 0 	 0 	 0 	 9.25108	
0 	 0 	 0 	 0 	 0 	 9.27378	
0 	 0 	 0 	 0 	 0 	 9.23147	
0 	 0 	 0 	 0 	 0 	 9.18104	
0 	 0 	 0 	 0 	 0 	 9.0279	
0 	 0 	 0 	 0 	 0 	 9.00232	
0 	 0 	 0 	 0 	 0 	 9.13679	
0 	 0 	 0 	 0 	 0 	 9.06726	
0 	 0 	 0 	 0 	 0 	 8.92693	
0 	 0 	 0 	 0 	 0 	 8.8261	
0 	 0 	 0 	 0 	 0 	 8.77043	
0 	 0 	 0 	 0 	 0 	 8.7486	
0 	 0 	 0 	 0 	 0 	 8.81978	
0 	 0 	 0 	 0 	 0 	 8.80433	
0 	 0 	 0 	 0 	 0 	 8.88407	
0 	 0 	 0 	 0 	 0 	 8.97306	
0 	 0 	 0 	 0 	 0 	 9.09383	
0 	 0 	 0 	 0 	 0 	 9.04975	
0 	 0 	 0 	 0 	 0 	 9.04819	
0 	 0 	 0 	 0 	 0 	 8.971	
0 	 0 	 0 	 0 	 0 	 8.93792	
0 	 0 	 0 	 0 	 0 	 8.86107	
0 	 0 	 0 	 0 	 0 	 8.95802	
0 	 0 	 0 	 0 	 0 	 8.95509	
0 	 0 	 0 	 0 	 0 	 8.99258	
0 	 0 	 0 	 0 	 0 	 8.95809	
0 	 0 	 0 	 0 	 0 	 8.97551	
0 	 0 	 0 	 0 	 0 	 8.98466	
0 	 0 	 0 	 0 	 0 	 8.95485	
0 	 0 	 0 	 0 	 0 	 8.93228	
0 	 0 	 0 	 0 	 0 	 8.93596	
0 	 0 	 0 	 0 	 0 	 8.93198	
0 	 0 	 0 	 0 	 0 	 8.90821	
0 	 0 	 0 	 0 	 0 	 8.7077	
0 	 0 	 0 	 0 	 0 	 8.7214	
0 	 0 	 0 	 0 	 0 	 8.721	
0 	 0 	 0 	 0 	 0 	 8.7299	
0 	 0 	 0 	 0 	 0 	 8.73104	
0 	 0 	 0 	 0 	 0 	 8.7919	
0 	 0 	 0 	 0 	 0 	 8.84626	
0 	 0 	 0 	 0 	 0 	 8.8421	
0 	 0 	 0 	 0 	 0 	 8.84751	
0 	 0 	 0 	 0 	 0 	 8.88733	
0 	 0 	 0 	 0 	 0 	 8.86363	
0 	 0 	 0 	 0 	 0 	 8.87688	
0 	 0 	 0 	 0 	 0 	 8.86503	
0 	 0 	 0 	 0 	 0 	 8.77903	
0 	 0 	 0 	 0 	 0 	 8.70561	
0 	 0 	 0 	 0 	 0 	 8.59487	
0 	 0 	 0 	 0 	 0 	 8.64284	
0 	 0 	 0 	 0 	 0 	 8.74972	
0 	 0 	 0 	 0 	 0 	 8.96297	
0 	 0 	 0 	 0 	 0 	 8.93989	
0 	 0 	 0 	 0 	 0 	 8.94526	
0 	 0 	 0 	 0 	 0 	 8.96397	
0 	 0 	 0 	 0 	 0 	 8.94061	
0 	 0 	 0 	 0 	 0 	 8.94555	
0 	 0 	 0 	 0 	 0 	 8.94477	
0 	 0 	 0 	 0 	 0 	 8.75411	
0 	 0 	 0 	 0 	 0 	 8.69234	
0 	 0 	 0 	 0 	 0 	 8.63819	
0 	 0 	 0 	 0 	 0 	 8.66916	
0 	 0 	 0 	 0 	 0 	 8.5719	
0 	 0 	 0 	 0 	 0 	 8.60362	
0 	 0 	 0 	 0 	 0 	 8.57706	
0 	 0 	 0 	 0 	 0 	 8.57092	
0 	 0 	 0 	 0 	 0 	 8.51816	
0 	 0 	 0 	 0 	 0 	 8.49656	
0 	 0 	 0 	 0 	 0 	 8.58884	
0 	 0 	 0 	 0 	 0 	 8.72553	
0 	 0 	 0 	 0 	 0 	 8.67671	
0 	 0 	 0 	 0 	 0 	 8.72364	
0 	 0 	 0 	 0 	 0 	 8.8081	
0 	 0 	 0 	 0 	 0 	 8.84433	
0 	 0 	 0 	 0 	 0 	 8.80732	
0 	 0 	 0 	 0 	 0 	 8.80714	
0 	 0 	 0 	 0 	 0 	 8.73088	
0 	 0 	 0 	 0 	 0 	 8.58684	
0 	 0 	 0 	 0 	 0 	 8.6506	
0 	 0 	 0 	 0 	 0 	 8.61414	
0 	 0 	 0 	 0 	 0 	 8.7059	
0 	 0 	 0 	 0 	 0 	 8.71835	
0 	 0 	 0 	 0 	 0 	 8.67139	
0 	 0 	 0 	 0 	 0 	 8.51563	
0 	 0 	 0 	 0 	 0 	 8.51852	
0 	 0 	 0 	 0 	 0 	 8.47788	
0 	 0 	 0 	 0 	 0 	 8.4303	
0 	 0 	 0 	 0 	 0 	 8.41394	
0 	 0 	 0 	 0 	 0 	 8.53174	
0 	 0 	 0 	 0 	 0 	 8.54596	
0 	 0 	 0 	 0 	 0 	 8.59396	
0 	 0 	 0 	 0 	 0 	 8.55803	
0 	 0 	 0 	 0 	 0 	 8.55525	
0 	 0 	 0 	 0 	 0 	 8.56431	
0 	 0 	 0 	 0 	 0 	 8.53599	
0 	 0 	 0 	 0 	 0 	 8.49104	
0 	 0 	 0 	 0 	 0 	 8.49602	
0 	 0 	 0 	 0 	 0 	 8.45058	
0 	 0 	 0 	 0 	 0 	 8.45855	
0 	 0 	 0 	 0 	 0 	 8.47589	
0 	 0 	 0 	 0 	 0 	 8.48018	
0 	 0 	 0 	 0 	 0 	 8.44381	
0 	 0 	 0 	 0 	 0 	 8.37585	
0 	 0 	 0 	 0 	 0 	 8.41338	
0 	 0 	 0 	 0 	 0 	 8.42625	
0 	 0 	 0 	 0 	 0 	 8.45579	
0 	 0 	 0 	 0 	 0 	 8.49803	
0 	 0 	 0 	 0 	 0 	 8.45612	
0 	 0 	 0 	 0 	 0 	 8.31375	
0 	 0 	 0 	 0 	 0 	 8.36863	
0 	 0 	 0 	 0 	 0 	 8.44672	
0 	 0 	 0 	 0 	 0 	 8.46427	
0 	 0 	 0 	 0 	 0 	 8.4468	
0 	 0 	 0 	 0 	 0 	 8.37561	
0 	 0 	 0 	 0 	 0 	 8.32905	
0 	 0 	 0 	 0 	 0 	 8.39421	
0 	 0 	 0 	 0 	 0 	 8.44311	
0 	 0 	 0 	 0 	 0 	 8.46824	
0 	 0 	 0 	 0 	 0 	 8.5283	
0 	 0 	 0 	 0 	 0 	 8.50961	
0 	 0 	 0 	 0 	 0 	 8.47523	
0 	 0 	 0 	 0 	 0 	 8.47277	
0 	 0 	 0 	 0 	 0 	 8.42594	
0 	 0 	 0 	 0 	 0 	 8.25822	
0 	 0 	 0 	 0 	 0 	 8.28487	
0 	 0 	 0 	 0 	 0 	 8.3914	
0 	 0 	 0 	 0 	 0 	 8.38249	
0 	 0 	 0 	 0 	 0 	 8.34705	
0 	 0 	 0 	 0 	 0 	 8.24854	
0 	 0 	 0 	 0 	 0 	 8.26621	
0 	 0 	 0 	 0 	 0 	 8.16291	
0 	 0 	 0 	 0 	 0 	 8.25838	
0 	 0 	 0 	 0 	 0 	 8.27433	
0 	 0 	 0 	 0 	 0 	 8.01468	
0 	 0 	 0 	 0 	 0 	 8.12208	
0 	 0 	 0 	 0 	 0 	 8.12817	
0 	 0 	 0 	 0 	 0 	 8.12568	
0 	 0 	 0 	 0 	 0 	 8.02176	
0 	 0 	 0 	 0 	 0 	 8.02298	
0 	 0 	 0 	 0 	 0 	 8.07569	
0 	 0 	 0 	 0 	 0 	 8.08202	
0 	 0 	 0 	 0 	 0 	 8.13779	
0 	 0 	 0 	 0 	 0 	 8.18489	
0 	 0 	 0 	 0 	 0 	 8.13097	
0 	 0 	 0 	 0 	 0 	 8.19051	
0 	 0 	 0 	 0 	 0 	 8.30072	
0 	 0 	 0 	 0 	 0 	 8.21549	
0 	 0 	 0 	 0 	 0 	 8.1752	
0 	 0 	 0 	 0 	 0 	 8.12797	
0 	 0 	 0 	 0 	 0 	 8.14193	
0 	 0 	 0 	 0 	 0 	 8.03273	
0 	 0 	 0 	 0 	 0 	 8.04713	
0 	 0 	 0 	 0 	 0 	 7.92896	
0 	 0 	 0 	 0 	 0 	 7.93982	
0 	 0 	 0 	 0 	 0 	 7.9004	
0 	 0 	 0 	 0 	 0 	 7.97026	
0 	 0 	 0 	 0 	 0 	 8.11796	
0 	 0 	 0 	 0 	 0 	 8.18813	
0 	 0 	 0 	 0 	 0 	 8.01526	
0 	 0 	 0 	 0 	 0 	 8.03401	
0 	 0 	 0 	 0 	 0 	 8.10254	
0 	 0 	 0 	 0 	 0 	 8.12884	
0 	 0 	 0 	 0 	 0 	 8.08788	
0 	 0 	 0 	 0 	 0 	 8.1576	
0 	 0 	 0 	 0 	 0 	 8.22322	
0 	 0 	 0 	 0 	 0 	 8.06313	
0 	 0 	 0 	 0 	 0 	 7.90197	
0 	 0 	 0 	 0 	 0 	 7.87399	
0 	 0 	 0 	 0 	 0 	 7.81248	
0 	 0 	 0 	 0 	 0 	 7.80493	
0 	 0 	 0 	 0 	 0 	 7.82064	
0 	 0 	 0 	 0 	 0 	 7.77713	
0 	 0 	 0 	 0 	 0 	 7.70851	
0 	 0 	 0 	 0 	 0 	 7.76393	
0 	 0 	 0 	 0 	 0 	 7.97865	
0 	 0 	 0 	 0 	 0 	 8.02184	
0 	 0 	 0 	 0 	 0 	 8.08921	
0 	 0 	 0 	 0 	 0 	 8.02244	
0 	 0 	 0 	 0 	 0 	 7.99634	
0 	 0 	 0 	 0 	 0 	 8.03076	
0 	 0 	 0 	 0 	 0 	 7.96653	
0 	 0 	 0 	 0 	 0 	 7.90141	
0 	 0 	 0 	 0 	 0 	 7.83265	
0 	 0 	 0 	 0 	 0 	 7.66373	
0 	 0 	 0 	 0 	 0 	 7.62683	
0 	 0 	 0 	 0 	 0 	 7.82682	
0 	 0 	 0 	 0 	 0 	 7.86557	
0 	 0 	 0 	 0 	 0 	 7.94525	
0 	 0 	 0 	 0 	 0 	 7.98175	
0 	 0 	 0 	 0 	 0 	 8.04991	
0 	 0 	 0 	 0 	 0 	 7.99709	
0 	 0 	 0 	 0 	 0 	 7.96834	
0 	 0 	 0 	 0 	 0 	 7.83323	
0 	 0 	 0 	 0 	 0 	 7.80539	
0 	 0 	 0 	 0 	 0 	 7.75613	
0 	 0 	 0 	 0 	 0 	 7.70991	
0 	 0 	 0 	 0 	 0 	 7.69415	
0 	 0 	 0 	 0 	 0 	 7.63402	
0 	 0 	 0 	 0 	 0 	 7.64956	
0 	 0 	 0 	 0 	 0 	 7.61693	
0 	 0 	 0 	 0 	 0 	 7.49684	
0 	 0 	 0 	 0 	 0 	 7.46092	
0 	 0 	 0 	 0 	 0 	 7.61045	
0 	 0 	 0 	 0 	 0 	 7.78449	
0 	 0 	 0 	 0 	 0 	 7.71783	
0 	 0 	 0 	 0 	 0 	 7.78526	
0 	 0 	 0 	 0 	 0 	 7.80048	
0 	 0 	 0 	 0 	 0 	 7.89182	
0 	 0 	 0 	 0 	 0 	 7.63023	
0 	 0 	 0 	 0 	 0 	 7.55115	
0 	 0 	 0 	 0 	 0 	 7.51115	
0 	 0 	 0 	 0 	 0 	 7.43632	
0 	 0 	 0 	 0 	 0 	 7.44165	
0 	 0 	 0 	 0 	 0 	 7.51506	
0 	 0 	 0 	 0 	 0 	 7.46826	
0 	 0 	 0 	 0 	 0 	 7.53405	
0 	 0 	 0 	 0 	 0 	 7.55337	
0 	 0 	 0 	 0 	 0 	 7.63477	
0 	 0 	 0 	 0 	 0 	 7.67819	
0 	 0 	 0 	 0 	 0 	 7.64067	
0 	 0 	 0 	 0 	 0 	 7.71664	
0 	 0 	 0 	 0 	 0 	 7.69628	
0 	 0 	 0 	 0 	 0 	 7.72901	
0 	 0 	 0 	 0 	 0 	 7.68729	
0 	 0 	 0 	 0 	 0 	 7.59072	
0 	 0 	 0 	 0 	 0 	 7.66535	
0 	 0 	 0 	 0 	 0 	 7.60182	
0 	 0 	 0 	 0 	 0 	 7.60661	
0 	 0 	 0 	 0 	 0 	 7.52755	
0 	 0 	 0 	 0 	 0 	 7.46945	
0 	 0 	 0 	 0 	 0 	 7.5192	
0 	 0 	 0 	 0 	 0 	 7.53425	
0 	 0 	 0 	 0 	 0 	 7.48492	
0 	 0 	 0 	 0 	 0 	 7.27752	
0 	 0 	 0 	 0 	 0 	 7.28054	
0 	 0 	 0 	 0 	 0 	 7.32802	
0 	 0 	 0 	 0 	 0 	 7.37875	
0 	 0 	 0 	 0 	 0 	 7.43145	
0 	 0 	 0 	 0 	 0 	 7.45296	
0 	 0 	 0 	 0 	 0 	 7.45964	
0 	 0 	 0 	 0 	 0 	 7.50016	
0 	 0 	 0 	 0 	 0 	 7.45006	
0 	 0 	 0 	 0 	 0 	 7.37348	
0 	 0 	 0 	 0 	 0 	 7.35215	
0 	 0 	 0 	 0 	 0 	 7.36256	
0 	 0 	 0 	 0 	 0 	 7.37534	
0 	 0 	 0 	 0 	 0 	 7.3149	
0 	 0 	 0 	 0 	 0 	 7.27466	
0 	 0 	 0 	 0 	 0 	 7.41687	
0 	 0 	 0 	 0 	 0 	 7.43753	
0 	 0 	 0 	 0 	 0 	 7.42527	
0 	 0 	 0 	 0 	 0 	 7.48323	
0 	 0 	 0 	 0 	 0 	 7.46163	
0 	 0 	 0 	 0 	 0 	 7.491	
0 	 0 	 0 	 0 	 0 	 7.48919	
0 	 0 	 0 	 0 	 0 	 7.53008	
0 	 0 	 0 	 0 	 0 	 7.4859	
0 	 0 	 0 	 0 	 0 	 7.46683	
0 	 0 	 0 	 0 	 0 	 7.32111	
0 	 0 	 0 	 0 	 0 	 7.29816	
0 	 0 	 0 	 0 	 0 	 7.19639	
0 	 0 	 0 	 0 	 0 	 7.16622	
0 	 0 	 0 	 0 	 0 	 7.16788	
0 	 0 	 0 	 0 	 0 	 7.23212	
0 	 0 	 0 	 0 	 0 	 7.19697	
0 	 0 	 0 	 0 	 0 	 7.23629	
0 	 0 	 0 	 0 	 0 	 7.24812	
0 	 0 	 0 	 0 	 0 	 7.1739	
0 	 0 	 0 	 0 	 0 	 7.14693	
0 	 0 	 0 	 0 	 0 	 7.14703	
0 	 0 	 0 	 0 	 0 	 7.17293	
0 	 0 	 0 	 0 	 0 	 7.10089	
0 	 0 	 0 	 0 	 0 	 7.15579	
0 	 0 	 0 	 0 	 0 	 7.1938	
0 	 0 	 0 	 0 	 0 	 7.16455	
0 	 0 	 0 	 0 	 0 	 7.30644	
0 	 0 	 0 	 0 	 0 	 7.32259	
0 	 0 	 0 	 0 	 0 	 7.32328	
0 	 0 	 0 	 0 	 0 	 7.21654	
0 	 0 	 0 	 0 	 0 	 7.16888	
0 	 0 	 0 	 0 	 0 	 7.1388	
0 	 0 	 0 	 0 	 0 	 7.07766	
0 	 0 	 0 	 0 	 0 	 7.05767	
0 	 0 	 0 	 0 	 0 	 6.87743	
0 	 0 	 0 	 0 	 0 	 6.8695	
0 	 0 	 0 	 0 	 0 	 6.91948	
0 	 0 	 0 	 0 	 0 	 6.92866	
0 	 0 	 0 	 0 	 0 	 7.0076	
0 	 0 	 0 	 0 	 0 	 7.01611	
0 	 0 	 0 	 0 	 0 	 7.04963	
0 	 0 	 0 	 0 	 0 	 7.06564	
0 	 0 	 0 	 0 	 0 	 7.11214	
0 	 0 	 0 	 0 	 0 	 7.17758	
0 	 0 	 0 	 0 	 0 	 7.14223	
0 	 0 	 0 	 0 	 0 	 7.04417	
0 	 0 	 0 	 0 	 0 	 7.09957	
0 	 0 	 0 	 0 	 0 	 7.1205	
0 	 0 	 0 	 0 	 0 	 7.10813	
0 	 0 	 0 	 0 	 0 	 7.13821	
0 	 0 	 0 	 0 	 0 	 7.11277	
0 	 0 	 0 	 0 	 0 	 7.04906	
0 	 0 	 0 	 0 	 0 	 7.08892	
0 	 0 	 0 	 0 	 0 	 7.0738	
0 	 0 	 0 	 0 	 0 	 7.04781	
0 	 0 	 0 	 0 	 0 	 6.94659	
0 	 0 	 0 	 0 	 0 	 6.96149	
0 	 0 	 0 	 0 	 0 	 6.98582	
0 	 0 	 0 	 0 	 0 	 7.00851	
0 	 0 	 0 	 0 	 0 	 6.87573	
0 	 0 	 0 	 0 	 0 	 6.9286	
0 	 0 	 0 	 0 	 0 	 6.82289	
0 	 0 	 0 	 0 	 0 	 6.80577	
0 	 0 	 0 	 0 	 0 	 6.70759	
0 	 0 	 0 	 0 	 0 	 6.72092	
0 	 0 	 0 	 0 	 0 	 6.78709	
0 	 0 	 0 	 0 	 0 	 6.84219	
0 	 0 	 0 	 0 	 0 	 6.9273	
0 	 0 	 0 	 0 	 0 	 6.94198	
0 	 0 	 0 	 0 	 0 	 6.94046	
0 	 0 	 0 	 0 	 0 	 6.96537	
0 	 0 	 0 	 0 	 0 	 6.91604	
0 	 0 	 0 	 0 	 0 	 6.85849	
0 	 0 	 0 	 0 	 0 	 6.88399	
0 	 0 	 0 	 0 	 0 	 6.88385	
0 	 0 	 0 	 0 	 0 	 6.877	
0 	 0 	 0 	 0 	 0 	 6.84592	
0 	 0 	 0 	 0 	 0 	 6.91226	
0 	 0 	 0 	 0 	 0 	 6.88749	
0 	 0 	 0 	 0 	 0 	 6.90938	
0 	 0 	 0 	 0 	 0 	 6.87119	
0 	 0 	 0 	 0 	 0 	 6.85878	
0 	 0 	 0 	 0 	 0 	 6.80896	
0 	 0 	 0 	 0 	 0 	 6.81376	
0 	 0 	 0 	 0 	 0 	 6.58916	
0 	 0 	 0 	 0 	 0 	 6.64073	
0 	 0 	 0 	 0 	 0 	 6.63712	
0 	 0 	 0 	 0 	 0 	 6.73595	
0 	 0 	 0 	 0 	 0 	 6.79739	
0 	 0 	 0 	 0 	 0 	 6.86143	
0 	 0 	 0 	 0 	 0 	 6.86098	
0 	 0 	 0 	 0 	 0 	 6.87486	
0 	 0 	 0 	 0 	 0 	 6.84925	
0 	 0 	 0 	 0 	 0 	 6.8816	
0 	 0 	 0 	 0 	 0 	 6.87341	
0 	 0 	 0 	 0 	 0 	 6.84305	
0 	 0 	 0 	 0 	 0 	 6.83539	
0 	 0 	 0 	 0 	 0 	 6.79316	
0 	 0 	 0 	 0 	 0 	 6.79055	
0 	 0 	 0 	 0 	 0 	 6.73778	
0 	 0 	 0 	 0 	 0 	 6.70274	
0 	 0 	 0 	 0 	 0 	 6.71634	
0 	 0 	 0 	 0 	 0 	 6.78141	
0 	 0 	 0 	 0 	 0 	 6.83	
0 	 0 	 0 	 0 	 0 	 6.87264	
0 	 0 	 0 	 0 	 0 	 6.87808	
0 	 0 	 0 	 0 	 0 	 6.85999	
0 	 0 	 0 	 0 	 0 	 6.87125	
0 	 0 	 0 	 0 	 0 	 6.78008	
0 	 0 	 0 	 0 	 0 	 6.56864	
0 	 0 	 0 	 0 	 0 	 6.4495	
0 	 0 	 0 	 0 	 0 	 6.51196	
0 	 0 	 0 	 0 	 0 	 6.48677	
0 	 0 	 0 	 0 	 0 	 6.50352	
0 	 0 	 0 	 0 	 0 	 6.38035	
0 	 0 	 0 	 0 	 0 	 6.47369	
0 	 0 	 0 	 0 	 0 	 6.54111	
0 	 0 	 0 	 0 	 0 	 6.57354	
0 	 0 	 0 	 0 	 0 	 6.56282	
0 	 0 	 0 	 0 	 0 	 6.55045	
0 	 0 	 0 	 0 	 0 	 6.61633	
0 	 0 	 0 	 0 	 0 	 6.64644	
0 	 0 	 0 	 0 	 0 	 6.6374	
0 	 0 	 0 	 0 	 0 	 6.5811	
0 	 0 	 0 	 0 	 0 	 6.59817	
0 	 0 	 0 	 0 	 0 	 6.561	
0 	 0 	 0 	 0 	 0 	 6.64225	
0 	 0 	 0 	 0 	 0 	 6.73782	
0 	 0 	 0 	 0 	 0 	 6.7867	
0 	 0 	 0 	 0 	 0 	 6.80577	
0 	 0 	 0 	 0 	 0 	 6.79197	
0 	 0 	 0 	 0 	 0 	 6.78225	
0 	 0 	 0 	 0 	 0 	 6.88338	
0 	 0 	 0 	 0 	 0 	 6.85885	
0 	 0 	 0 	 0 	 0 	 6.67675	
0 	 0 	 0 	 0 	 0 	 6.67145	
0 	 0 	 0 	 0 	 0 	 6.57853	
0 	 0 	 0 	 0 	 0 	 6.53137	
0 	 0 	 0 	 0 	 0 	 6.54422	
0 	 0 	 0 	 0 	 0 	 6.54249	
0 	 0 	 0 	 0 	 0 	 6.50738	
0 	 0 	 0 	 0 	 0 	 6.46329	
0 	 0 	 0 	 0 	 0 	 6.38208	
0 	 0 	 0 	 0 	 0 	 6.31496	
0 	 0 	 0 	 0 	 0 	 6.21607	
0 	 0 	 0 	 0 	 0 	 6.40951	
0 	 0 	 0 	 0 	 0 	 6.6118	
0 	 0 	 0 	 0 	 0 	 6.7212	
0 	 0 	 0 	 0 	 0 	 6.75023	
0 	 0 	 0 	 0 	 0 	 6.71215	
0 	 0 	 0 	 0 	 0 	 6.67182	
0 	 0 	 0 	 0 	 0 	 6.56871	
0 	 0 	 0 	 0 	 0 	 6.4635	
0 	 0 	 0 	 0 	 0 	 6.35408	
0 	 0 	 0 	 0 	 0 	 6.26565	
0 	 0 	 0 	 0 	 0 	 6.16997	
0 	 0 	 0 	 0 	 0 	 6.15238	
0 	 0 	 0 	 0 	 0 	 6.48064	
0 	 0 	 0 	 0 	 0 	 6.76512	
0 	 0 	 0 	 0 	 0 	 6.72832	
0 	 0 	 0 	 0 	 0 	 6.7247	
0 	 0 	 0 	 0 	 0 	 6.75515	
0 	 0 	 0 	 0 	 0 	 6.63714	
0 	 0 	 0 	 0 	 0 	 6.46553	
0 	 0 	 0 	 0 	 0 	 6.34819	
0 	 0 	 0 	 0 	 0 	 6.13437	
0 	 0 	 0 	 0 	 0 	 6.09301	
0 	 0 	 0 	 0 	 0 	 6.10869	
0 	 0 	 0 	 0 	 0 	 6.08744	
0 	 0 	 0 	 0 	 0 	 6.04392	
0 	 0 	 0 	 0 	 0 	 6.05485	
0 	 0 	 0 	 0 	 0 	 6.13286	
0 	 0 	 0 	 0 	 0 	 6.22227	
0 	 0 	 0 	 0 	 0 	 6.20027	
0 	 0 	 0 	 0 	 0 	 6.16996	
0 	 0 	 0 	 0 	 0 	 6.23026	
0 	 0 	 0 	 0 	 0 	 6.3317	
0 	 0 	 0 	 0 	 0 	 6.31908	
0 	 0 	 0 	 0 	 0 	 6.45072	
0 	 0 	 0 	 0 	 0 	 6.40309	
0 	 0 	 0 	 0 	 0 	 6.36055	
0 	 0 	 0 	 0 	 0 	 6.32421	
0 	 0 	 0 	 0 	 0 	 6.26376	
0 	 0 	 0 	 0 	 0 	 6.31782	
0 	 0 	 0 	 0 	 0 	 6.14524	
0 	 0 	 0 	 0 	 0 	 6.07913	
0 	 0 	 0 	 0 	 0 	 6.05047	
0 	 0 	 0 	 0 	 0 	 6.04907	
0 	 0 	 0 	 0 	 0 	 6.01505	
0 	 0 	 0 	 0 	 0 	 5.97451	
0 	 0 	 0 	 0 	 0 	 5.93099	
0 	 0 	 0 	 0 	 0 	 5.85204	
0 	 0 	 0 	 0 	 0 	 6.01035	
0 	 0 	 0 	 0 	 0 	 6.18961	
0 	 0 	 0 	 0 	 0 	 6.28772	
0 	 0 	 0 	 0 	 0 	 6.36578	
0 	 0 	 0 	 0 	 0 	 6.2942	
0 	 0 	 0 	 0 	 0 	 6.32901	
0 	 0 	 0 	 0 	 0 	 6.27204	
0 	 0 	 0 	 0 	 0 	 6.24629	
0 	 0 	 0 	 0 	 0 	 6.21058	
0 	 0 	 0 	 0 	 0 	 6.14216	
0 	 0 	 0 	 0 	 0 	 6.09438	
0 	 0 	 0 	 0 	 0 	 6.06817	
0 	 0 	 0 	 0 	 0 	 5.98223	
0 	 0 	 0 	 0 	 0 	 5.92829	
0 	 0 	 0 	 0 	 0 	 5.90962	
0 	 0 	 0 	 0 	 0 	 5.90207	
0 	 0 	 0 	 0 	 0 	 5.92598	
0 	 0 	 0 	 0 	 0 	 5.77264	
0 	 0 	 0 	 0 	 0 	 5.81421	
0 	 0 	 0 	 0 	 0 	 5.82247	
0 	 0 	 0 	 0 	 0 	 5.84637	
0 	 0 	 0 	 0 	 0 	 5.81536	
0 	 0 	 0 	 0 	 0 	 5.75025	
0 	 0 	 0 	 0 	 0 	 5.88589	
0 	 0 	 0 	 0 	 0 	 6.05459	
0 	 0 	 0 	 0 	 0 	 6.261	
0 	 0 	 0 	 0 	 0 	 6.36854	
0 	 0 	 0 	 0 	 0 	 6.4601	
0 	 0 	 0 	 0 	 0 	 6.39717	
0 	 0 	 0 	 0 	 0 	 6.26292	
0 	 0 	 0 	 0 	 0 	 6.08906	
0 	 0 	 0 	 0 	 0 	 5.98186	
0 	 0 	 0 	 0 	 0 	 5.93954	
0 	 0 	 0 	 0 	 0 	 5.94192	
0 	 0 	 0 	 0 	 0 	 5.94739	
0 	 0 	 0 	 0 	 0 	 5.92312	
0 	 0 	 0 	 0 	 0 	 5.8936	
0 	 0 	 0 	 0 	 0 	 5.83582	
0 	 0 	 0 	 0 	 0 	 5.84838	
0 	 0 	 0 	 0 	 0 	 5.80924	
0 	 0 	 0 	 0 	 0 	 5.85595	
0 	 0 	 0 	 0 	 0 	 5.9627	
0 	 0 	 0 	 0 	 0 	 5.83487	
0 	 0 	 0 	 0 	 0 	 5.89819	
0 	 0 	 0 	 0 	 0 	 5.89321	
0 	 0 	 0 	 0 	 0 	 5.86655	
0 	 0 	 0 	 0 	 0 	 5.81344	
0 	 0 	 0 	 0 	 0 	 5.75745	
0 	 0 	 0 	 0 	 0 	 5.79694	
0 	 0 	 0 	 0 	 0 	 5.78469	
0 	 0 	 0 	 0 	 0 	 5.80534	
0 	 0 	 0 	 0 	 0 	 5.79332	
0 	 0 	 0 	 0 	 0 	 5.74748	
0 	 0 	 0 	 0 	 0 	 5.75017	
0 	 0 	 0 	 0 	 0 	 5.7925	
0 	 0 	 0 	 0 	 0 	 5.7605	
0 	 0 	 0 	 0 	 0 	 5.72875	
0 	 0 	 0 	 0 	 0 	 5.66488	
0 	 0 	 0 	 0 	 0 	 5.57021	
0 	 0 	 0 	 0 	 0 	 5.61741	
0 	 0 	 0 	 0 	 0 	 5.6459	
0 	 0 	 0 	 0 	 0 	 5.66166	
0 	 0 	 0 	 0 	 0 	 5.58643	
0 	 0 	 0 	 0 	 0 	 5.52791	
0 	 0 	 0 	 0 	 0 	 5.43553	
0 	 0 	 0 	 0 	 0 	 5.58922	
0 	 0 	 0 	 0 	 0 	 5.70579	
0 	 0 	 0 	 0 	 0 	 5.71034	
0 	 0 	 0 	 0 	 0 	 5.82432	
0 	 0 	 0 	 0 	 0 	 5.91704	
0 	 0 	 0 	 0 	 0 	 5.87472	
0 	 0 	 0 	 0 	 0 	 5.75246	
0 	 0 	 0 	 0 	 0 	 5.78928	
0 	 0 	 0 	 0 	 0 	 5.79982	
0 	 0 	 0 	 0 	 0 	 5.70133	
0 	 0 	 0 	 0 	 0 	 5.71749	
0 	 0 	 0 	 0 	 0 	 5.70631	
0 	 0 	 0 	 0 	 0 	 5.63916	
0 	 0 	 0 	 0 	 0 	 5.6153	
0 	 0 	 0 	 0 	 0 	 5.57333	
0 	 0 	 0 	 0 	 0 	 5.566	
0 	 0 	 0 	 0 	 0 	 5.56064	
0 	 0 	 0 	 0 	 0 	 5.53441	
0 	 0 	 0 	 0 	 0 	 5.48745	
0 	 0 	 0 	 0 	 0 	 5.54015	
0 	 0 	 0 	 0 	 0 	 5.51691	
0 	 0 	 0 	 0 	 0 	 5.4767	
0 	 0 	 0 	 0 	 0 	 5.6383	
0 	 0 	 0 	 0 	 0 	 5.7644	
0 	 0 	 0 	 0 	 0 	 5.811	
0 	 0 	 0 	 0 	 0 	 5.77632	
0 	 0 	 0 	 0 	 0 	 5.80386	
0 	 0 	 0 	 0 	 0 	 5.53781	
0 	 0 	 0 	 0 	 0 	 5.49886	
0 	 0 	 0 	 0 	 0 	 5.39524	
0 	 0 	 0 	 0 	 0 	 5.2936	
0 	 0 	 0 	 0 	 0 	 5.3026	
0 	 0 	 0 	 0 	 0 	 5.20851	
0 	 0 	 0 	 0 	 0 	 5.20993	
0 	 0 	 0 	 0 	 0 	 5.22201	
0 	 0 	 0 	 0 	 0 	 5.30632	
0 	 0 	 0 	 0 	 0 	 5.29887	
0 	 0 	 0 	 0 	 0 	 5.29706	
0 	 0 	 0 	 0 	 0 	 5.39305	
0 	 0 	 0 	 0 	 0 	 5.40596	
0 	 0 	 0 	 0 	 0 	 5.37931	
0 	 0 	 0 	 0 	 0 	 5.36198	
0 	 0 	 0 	 0 	 0 	 5.29105	
0 	 0 	 0 	 0 	 0 	 5.3172	
0 	 0 	 0 	 0 	 0 	 5.33624	
0 	 0 	 0 	 0 	 0 	 5.36417	
0 	 0 	 0 	 0 	 0 	 5.38413	
0 	 0 	 0 	 0 	 0 	 5.50421	
0 	 0 	 0 	 0 	 0 	 5.52757	
0 	 0 	 0 	 0 	 0 	 5.54988	
0 	 0 	 0 	 0 	 0 	 5.47307	
0 	 0 	 0 	 0 	 0 	 5.42667	
0 	 0 	 0 	 0 	 0 	 5.07987	
0 	 0 	 0 	 0 	 0 	 5.11488	
0 	 0 	 0 	 0 	 0 	 5.11542	
0 	 0 	 0 	 0 	 0 	 5.17245	
0 	 0 	 0 	 0 	 0 	 5.18511	
0 	 0 	 0 	 0 	 0 	 5.20634	
0 	 0 	 0 	 0 	 0 	 5.23595	
0 	 0 	 0 	 0 	 0 	 5.25857	
0 	 0 	 0 	 0 	 0 	 5.2082	
0 	 0 	 0 	 0 	 0 	 5.21351	
0 	 0 	 0 	 0 	 0 	 5.22176	
0 	 0 	 0 	 0 	 0 	 5.23913	
0 	 0 	 0 	 0 	 0 	 5.20809	
0 	 0 	 0 	 0 	 0 	 5.22747	
0 	 0 	 0 	 0 	 0 	 5.23465	
0 	 0 	 0 	 0 	 0 	 5.31837	
0 	 0 	 0 	 0 	 0 	 5.35804	
0 	 0 	 0 	 0 	 0 	 5.3494	
0 	 0 	 0 	 0 	 0 	 5.33228	
0 	 0 	 0 	 0 	 0 	 5.27755	
0 	 0 	 0 	 0 	 0 	 5.20743	
0 	 0 	 0 	 0 	 0 	 5.26666	
0 	 0 	 0 	 0 	 0 	 5.23406	
0 	 0 	 0 	 0 	 0 	 5.23206	
0 	 0 	 0 	 0 	 0 	 5.26319	
0 	 0 	 0 	 0 	 0 	 5.12157	
0 	 0 	 0 	 0 	 0 	 5.1473	
0 	 0 	 0 	 0 	 0 	 5.14286	
0 	 0 	 0 	 0 	 0 	 5.12979	
0 	 0 	 0 	 0 	 0 	 5.11904	
0 	 0 	 0 	 0 	 0 	 5.12086	
0 	 0 	 0 	 0 	 0 	 5.08146	
0 	 0 	 0 	 0 	 0 	 5.05177	
0 	 0 	 0 	 0 	 0 	 4.98738	
0 	 0 	 0 	 0 	 0 	 4.95885	
0 	 0 	 0 	 0 	 0 	 5.08561	
0 	 0 	 0 	 0 	 0 	 5.17264	
0 	 0 	 0 	 0 	 0 	 5.27584	
0 	 0 	 0 	 0 	 0 	 5.32206	
0 	 0 	 0 	 0 	 0 	 5.28662	
0 	 0 	 0 	 0 	 0 	 5.24378	
0 	 0 	 0 	 0 	 0 	 5.15012	
0 	 0 	 0 	 0 	 0 	 5.07727	
0 	 0 	 0 	 0 	 0 	 5.05285	
0 	 0 	 0 	 0 	 0 	 5.0068	
0 	 0 	 0 	 0 	 0 	 4.97553	
0 	 0 	 0 	 0 	 0 	 4.91033	
0 	 0 	 0 	 0 	 0 	 4.98357	
0 	 0 	 0 	 0 	 0 	 4.98251	
0 	 0 	 0 	 0 	 0 	 4.99873	
0 	 0 	 0 	 0 	 0 	 4.77242	
0 	 0 	 0 	 0 	 0 	 4.85604	
0 	 0 	 0 	 0 	 0 	 4.98715	
0 	 0 	 0 	 0 	 0 	 5.01249	
0 	 0 	 0 	 0 	 0 	 5.09153	
0 	 0 	 0 	 0 	 0 	 5.10012	
0 	 0 	 0 	 0 	 0 	 5.1154	
0 	 0 	 0 	 0 	 0 	 5.07465	
0 	 0 	 0 	 0 	 0 	 5.00449	
0 	 0 	 0 	 0 	 0 	 4.96906	
0 	 0 	 0 	 0 	 0 	 4.89142	
0 	 0 	 0 	 0 	 0 	 4.87748	
0 	 0 	 0 	 0 	 0 	 4.89616	
0 	 0 	 0 	 0 	 0 	 4.89045	
0 	 0 	 0 	 0 	 0 	 4.88341	
0 	 0 	 0 	 0 	 0 	 4.909	
0 	 0 	 0 	 0 	 0 	 4.87724	
0 	 0 	 0 	 0 	 0 	 4.836	
0 	 0 	 0 	 0 	 0 	 4.86711	
0 	 0 	 0 	 0 	 0 	 4.87445	
0 	 0 	 0 	 0 	 0 	 4.88266	
0 	 0 	 0 	 0 	 0 	 4.84893	
0 	 0 	 0 	 0 	 0 	 4.86404	
0 	 0 	 0 	 0 	 0 	 4.90499	
0 	 0 	 0 	 0 	 0 	 4.89342	
0 	 0 	 0 	 0 	 0 	 4.69161	
0 	 0 	 0 	 0 	 0 	 4.6185	
0 	 0 	 0 	 0 	 0 	 4.68622	
0 	 0 	 0 	 0 	 0 	 4.74246	
0 	 0 	 0 	 0 	 0 	 4.76977	
0 	 0 	 0 	 0 	 0 	 4.7882	
0 	 0 	 0 	 0 	 0 	 4.84307	
0 	 0 	 0 	 0 	 0 	 4.8674	
0 	 0 	 0 	 0 	 0 	 4.90733	
0 	 0 	 0 	 0 	 0 	 4.86943	
0 	 0 	 0 	 0 	 0 	 4.92735	
0 	 0 	 0 	 0 	 0 	 4.90288	
0 	 0 	 0 	 0 	 0 	 4.85063	
0 	 0 	 0 	 0 	 0 	 4.79276	
0 	 0 	 0 	 0 	 0 	 4.7568	
0 	 0 	 0 	 0 	 0 	 4.7629	
0 	 0 	 0 	 0 	 0 	 4.80688	
0 	 0 	 0 	 0 	 0 	 4.77497	
0 	 0 	 0 	 0 	 0 	 4.73357	
0 	 0 	 0 	 0 	 0 	 4.66067	
0 	 0 	 0 	 0 	 0 	 4.68511	
0 	 0 	 0 	 0 	 0 	 4.72189	
0 	 0 	 0 	 0 	 0 	 4.71921	
0 	 0 	 0 	 0 	 0 	 4.77962	
0 	 0 	 0 	 0 	 0 	 4.81655	
0 	 0 	 0 	 0 	 0 	 4.70783	
0 	 0 	 0 	 0 	 0 	 4.67781	
0 	 0 	 0 	 0 	 0 	 4.68411	
0 	 0 	 0 	 0 	 0 	 4.61732	
0 	 0 	 0 	 0 	 0 	 4.66045	
0 	 0 	 0 	 0 	 0 	 4.67294	
0 	 0 	 0 	 0 	 0 	 4.69342	
0 	 0 	 0 	 0 	 0 	 4.68909	
0 	 0 	 0 	 0 	 0 	 4.70342	
0 	 0 	 0 	 0 	 0 	 4.65698	
0 	 0 	 0 	 0 	 0 	 4.63825	
0 	 0 	 0 	 0 	 0 	 4.56203	
0 	 0 	 0 	 0 	 0 	 4.57087	
0 	 0 	 0 	 0 	 0 	 4.56279	
0 	 0 	 0 	 0 	 0 	 4.56015	
0 	 0 	 0 	 0 	 0 	 4.55861	
0 	 0 	 0 	 0 	 0 	 4.53398	
0 	 0 	 0 	 0 	 0 	 4.51072	
0 	 0 	 0 	 0 	 0 	 4.66567	
0 	 0 	 0 	 0 	 0 	 4.85927	
0 	 0 	 0 	 0 	 0 	 4.98204	
0 	 0 	 0 	 0 	 0 	 4.97893	
0 	 0 	 0 	 0 	 0 	 5.04209	
0 	 0 	 0 	 0 	 0 	 4.9508	
0 	 0 	 0 	 0 	 0 	 4.81943	
0 	 0 	 0 	 0 	 0 	 4.6021	
0 	 0 	 0 	 0 	 0 	 4.60317	
0 	 0 	 0 	 0 	 0 	 4.54621	
0 	 0 	 0 	 0 	 0 	 4.48991	
0 	 0 	 0 	 0 	 0 	 4.40243	
0 	 0 	 0 	 0 	 0 	 4.43875	
0 	 0 	 0 	 0 	 0 	 4.43107	
0 	 0 	 0 	 0 	 0 	 4.37561	
0 	 0 	 0 	 0 	 0 	 4.35295	
0 	 0 	 0 	 0 	 0 	 4.34453	
0 	 0 	 0 	 0 	 0 	 4.28659	
0 	 0 	 0 	 0 	 0 	 4.45813	
0 	 0 	 0 	 0 	 0 	 4.5161	
0 	 0 	 0 	 0 	 0 	 4.54036	
0 	 0 	 0 	 0 	 0 	 4.65514	
0 	 0 	 0 	 0 	 0 	 4.6862	
0 	 0 	 0 	 0 	 0 	 4.61008	
0 	 0 	 0 	 0 	 0 	 4.60532	
0 	 0 	 0 	 0 	 0 	 4.56643	
0 	 0 	 0 	 0 	 0 	 4.52118	
0 	 0 	 0 	 0 	 0 	 4.49595	
0 	 0 	 0 	 0 	 0 	 4.4562	
0 	 0 	 0 	 0 	 0 	 4.42244	
0 	 0 	 0 	 0 	 0 	 4.40377	
0 	 0 	 0 	 0 	 0 	 4.40722	
0 	 0 	 0 	 0 	 0 	 4.28278	
0 	 0 	 0 	 0 	 0 	 4.27108	
0 	 0 	 0 	 0 	 0 	 4.30271	
0 	 0 	 0 	 0 	 0 	 4.32253	
0 	 0 	 0 	 0 	 0 	 4.32636	
0 	 0 	 0 	 0 	 0 	 4.33209	
0 	 0 	 0 	 0 	 0 	 4.29368	
0 	 0 	 0 	 0 	 0 	 4.29406	
0 	 0 	 0 	 0 	 0 	 4.26762	
0 	 0 	 0 	 0 	 0 	 4.29532	
0 	 0 	 0 	 0 	 0 	 4.34193	
0 	 0 	 0 	 0 	 0 	 4.36274	
0 	 0 	 0 	 0 	 0 	 4.35683	
0 	 0 	 0 	 0 	 0 	 4.31809	
0 	 0 	 0 	 0 	 0 	 4.29647	
0 	 0 	 0 	 0 	 0 	 4.25791	
0 	 0 	 0 	 0 	 0 	 4.25496	
0 	 0 	 0 	 0 	 0 	 4.24774	
0 	 0 	 0 	 0 	 0 	 4.24612	
0 	 0 	 0 	 0 	 0 	 4.23482	
0 	 0 	 0 	 0 	 0 	 4.24644	
0 	 0 	 0 	 0 	 0 	 4.26359	
0 	 0 	 0 	 0 	 0 	 4.23613	
0 	 0 	 0 	 0 	 0 	 4.24593	
0 	 0 	 0 	 0 	 0 	 4.27633	
0 	 0 	 0 	 0 	 0 	 4.13051	
0 	 0 	 0 	 0 	 0 	 4.13437	
0 	 0 	 0 	 0 	 0 	 4.18274	
0 	 0 	 0 	 0 	 0 	 4.1806	
0 	 0 	 0 	 0 	 0 	 4.17141	
0 	 0 	 0 	 0 	 0 	 4.19281	
0 	 0 	 0 	 0 	 0 	 4.17731	
0 	 0 	 0 	 0 	 0 	 4.14536	
0 	 0 	 0 	 0 	 0 	 4.13197	
0 	 0 	 0 	 0 	 0 	 4.11273	
0 	 0 	 0 	 0 	 0 	 4.11972	
0 	 0 	 0 	 0 	 0 	 4.14179	
0 	 0 	 0 	 0 	 0 	 4.14246	
0 	 0 	 0 	 0 	 0 	 4.13862	
0 	 0 	 0 	 0 	 0 	 4.12995	
0 	 0 	 0 	 0 	 0 	 4.0936	
0 	 0 	 0 	 0 	 0 	 4.09583	
0 	 0 	 0 	 0 	 0 	 4.16371	
0 	 0 	 0 	 0 	 0 	 4.20437	
0 	 0 	 0 	 0 	 0 	 4.23016	
0 	 0 	 0 	 0 	 0 	 4.21204	
0 	 0 	 0 	 0 	 0 	 4.16373	
0 	 0 	 0 	 0 	 0 	 4.16147	
0 	 0 	 0 	 0 	 0 	 4.07588	
0 	 0 	 0 	 0 	 0 	 4.00672	
0 	 0 	 0 	 0 	 0 	 3.84255	
0 	 0 	 0 	 0 	 0 	 3.8511	
0 	 0 	 0 	 0 	 0 	 3.90678	
0 	 0 	 0 	 0 	 0 	 3.93942	
0 	 0 	 0 	 0 	 0 	 3.94965	
0 	 0 	 0 	 0 	 0 	 3.95734	
0 	 0 	 0 	 0 	 0 	 3.93807	
0 	 0 	 0 	 0 	 0 	 3.91066	
0 	 0 	 0 	 0 	 0 	 3.84746	
0 	 0 	 0 	 0 	 0 	 3.77969	
0 	 0 	 0 	 0 	 0 	 3.85995	
0 	 0 	 0 	 0 	 0 	 3.93092	
0 	 0 	 0 	 0 	 0 	 3.98971	
0 	 0 	 0 	 0 	 0 	 4.02277	
0 	 0 	 0 	 0 	 0 	 4.03428	
0 	 0 	 0 	 0 	 0 	 4.06446	
0 	 0 	 0 	 0 	 0 	 4.06765	
0 	 0 	 0 	 0 	 0 	 3.96611	
0 	 0 	 0 	 0 	 0 	 3.92053	
0 	 0 	 0 	 0 	 0 	 3.88174	
0 	 0 	 0 	 0 	 0 	 3.92539	
0 	 0 	 0 	 0 	 0 	 3.95563	
0 	 0 	 0 	 0 	 0 	 3.98475	
0 	 0 	 0 	 0 	 0 	 4.05139	
0 	 0 	 0 	 0 	 0 	 4.04794	
0 	 0 	 0 	 0 	 0 	 3.90649	
0 	 0 	 0 	 0 	 0 	 3.88927	
0 	 0 	 0 	 0 	 0 	 3.85035	
0 	 0 	 0 	 0 	 0 	 3.81219	
0 	 0 	 0 	 0 	 0 	 3.85818	
0 	 0 	 0 	 0 	 0 	 3.83463	
0 	 0 	 0 	 0 	 0 	 3.88101	
0 	 0 	 0 	 0 	 0 	 3.91282	
0 	 0 	 0 	 0 	 0 	 3.9469	
0 	 0 	 0 	 0 	 0 	 3.93825	
0 	 0 	 0 	 0 	 0 	 3.89522	
0 	 0 	 0 	 0 	 0 	 3.86246	
0 	 0 	 0 	 0 	 0 	 3.81878	
0 	 0 	 0 	 0 	 0 	 3.82566	
0 	 0 	 0 	 0 	 0 	 3.81363	
0 	 0 	 0 	 0 	 0 	 3.80454	
0 	 0 	 0 	 0 	 0 	 3.8221	
0 	 0 	 0 	 0 	 0 	 3.86147	
0 	 0 	 0 	 0 	 0 	 3.82097	
0 	 0 	 0 	 0 	 0 	 3.83579	
0 	 0 	 0 	 0 	 0 	 3.80821	
0 	 0 	 0 	 0 	 0 	 3.82309	
0 	 0 	 0 	 0 	 0 	 3.8926	
0 	 0 	 0 	 0 	 0 	 3.91061	
0 	 0 	 0 	 0 	 0 	 3.85117	
0 	 0 	 0 	 0 	 0 	 3.74326	
0 	 0 	 0 	 0 	 0 	 3.69671	
0 	 0 	 0 	 0 	 0 	 3.65834	
0 	 0 	 0 	 0 	 0 	 3.61241	
0 	 0 	 0 	 0 	 0 	 3.62349	
0 	 0 	 0 	 0 	 0 	 3.59112	
0 	 0 	 0 	 0 	 0 	 3.5895	
0 	 0 	 0 	 0 	 0 	 3.56544	
0 	 0 	 0 	 0 	 0 	 3.60117	
0 	 0 	 0 	 0 	 0 	 3.62396	
0 	 0 	 0 	 0 	 0 	 3.59158	
0 	 0 	 0 	 0 	 0 	 3.62299	
0 	 0 	 0 	 0 	 0 	 3.67114	
0 	 0 	 0 	 0 	 0 	 3.65259	
0 	 0 	 0 	 0 	 0 	 3.67976	
0 	 0 	 0 	 0 	 0 	 3.70854	
0 	 0 	 0 	 0 	 0 	 3.7554	
0 	 0 	 0 	 0 	 0 	 3.73049	
0 	 0 	 0 	 0 	 0 	 3.67247	
0 	 0 	 0 	 0 	 0 	 3.63867	
0 	 0 	 0 	 0 	 0 	 3.66372	
0 	 0 	 0 	 0 	 0 	 3.67053	
0 	 0 	 0 	 0 	 0 	 3.61507	
0 	 0 	 0 	 0 	 0 	 3.65296	
0 	 0 	 0 	 0 	 0 	 3.64053	
0 	 0 	 0 	 0 	 0 	 3.52353	
0 	 0 	 0 	 0 	 0 	 3.56167	
0 	 0 	 0 	 0 	 0 	 3.5442	
0 	 0 	 0 	 0 	 0 	 3.47751	
0 	 0 	 0 	 0 	 0 	 3.51484	
0 	 0 	 0 	 0 	 0 	 3.46577	
0 	 0 	 0 	 0 	 0 	 3.50911	
0 	 0 	 0 	 0 	 0 	 3.50684	
0 	 0 	 0 	 0 	 0 	 3.58978	
0 	 0 	 0 	 0 	 0 	 3.67991	
0 	 0 	 0 	 0 	 0 	 3.73145	
0 	 0 	 0 	 0 	 0 	 3.78477	
0 	 0 	 0 	 0 	 0 	 3.76027	
0 	 0 	 0 	 0 	 0 	 3.69272	
0 	 0 	 0 	 0 	 0 	 3.62929	
0 	 0 	 0 	 0 	 0 	 3.59506	
0 	 0 	 0 	 0 	 0 	 3.60804	
0 	 0 	 0 	 0 	 0 	 3.6013	
0 	 0 	 0 	 0 	 0 	 3.60197	
0 	 0 	 0 	 0 	 0 	 3.59369	
0 	 0 	 0 	 0 	 0 	 3.60642	
0 	 0 	 0 	 0 	 0 	 3.58609	
0 	 0 	 0 	 0 	 0 	 3.57221	
0 	 0 	 0 	 0 	 0 	 3.55259	
0 	 0 	 0 	 0 	 0 	 3.51888	
0 	 0 	 0 	 0 	 0 	 3.35837	
0 	 0 	 0 	 0 	 0 	 3.39019	
0 	 0 	 0 	 0 	 0 	 3.41832	
0 	 0 	 0 	 0 	 0 	 3.45876	
0 	 0 	 0 	 0 	 0 	 3.43643	
0 	 0 	 0 	 0 	 0 	 3.45909	
0 	 0 	 0 	 0 	 0 	 3.46233	
0 	 0 	 0 	 0 	 0 	 3.45214	
0 	 0 	 0 	 0 	 0 	 3.39972	
0 	 0 	 0 	 0 	 0 	 3.42772	
0 	 0 	 0 	 0 	 0 	 3.44002	
0 	 0 	 0 	 0 	 0 	 3.45605	
0 	 0 	 0 	 0 	 0 	 3.41272	
0 	 0 	 0 	 0 	 0 	 3.46144	
0 	 0 	 0 	 0 	 0 	 3.46741	
0 	 0 	 0 	 0 	 0 	 3.44305	
0 	 0 	 0 	 0 	 0 	 3.43145	
0 	 0 	 0 	 0 	 0 	 3.4241	
0 	 0 	 0 	 0 	 0 	 3.40224	
0 	 0 	 0 	 0 	 0 	 3.41415	
0 	 0 	 0 	 0 	 0 	 3.43019	
0 	 0 	 0 	 0 	 0 	 3.39641	
0 	 0 	 0 	 0 	 0 	 3.39232	
0 	 0 	 0 	 0 	 0 	 3.42187	
0 	 0 	 0 	 0 	 0 	 3.47422	
0 	 0 	 0 	 0 	 0 	 3.31028	
0 	 0 	 0 	 0 	 0 	 3.31551	
0 	 0 	 0 	 0 	 0 	 3.31081	
0 	 0 	 0 	 0 	 0 	 3.31573	
0 	 0 	 0 	 0 	 0 	 3.29035	
0 	 0 	 0 	 0 	 0 	 3.23529	
0 	 0 	 0 	 0 	 0 	 3.26129	
0 	 0 	 0 	 0 	 0 	 3.2604	
0 	 0 	 0 	 0 	 0 	 3.27101	
0 	 0 	 0 	 0 	 0 	 3.27124	
0 	 0 	 0 	 0 	 0 	 3.31574	
0 	 0 	 0 	 0 	 0 	 3.3138	
0 	 0 	 0 	 0 	 0 	 3.30218	
0 	 0 	 0 	 0 	 0 	 3.31908	
0 	 0 	 0 	 0 	 0 	 3.29123	
0 	 0 	 0 	 0 	 0 	 3.2888	
0 	 0 	 0 	 0 	 0 	 3.28193	
0 	 0 	 0 	 0 	 0 	 3.25456	
0 	 0 	 0 	 0 	 0 	 3.26395	
0 	 0 	 0 	 0 	 0 	 3.23699	
0 	 0 	 0 	 0 	 0 	 3.25112	
0 	 0 	 0 	 0 	 0 	 3.22409	
0 	 0 	 0 	 0 	 0 	 3.25372	
0 	 0 	 0 	 0 	 0 	 3.21748	
0 	 0 	 0 	 0 	 0 	 3.23483	
0 	 0 	 0 	 0 	 0 	 3.09424	
0 	 0 	 0 	 0 	 0 	 3.1086	
0 	 0 	 0 	 0 	 0 	 3.16343	
0 	 0 	 0 	 0 	 0 	 3.17584	
0 	 0 	 0 	 0 	 0 	 3.20492	
0 	 0 	 0 	 0 	 0 	 3.22624	
0 	 0 	 0 	 0 	 0 	 3.21554	
0 	 0 	 0 	 0 	 0 	 3.21083	
0 	 0 	 0 	 0 	 0 	 3.19305	
0 	 0 	 0 	 0 	 0 	 3.19738	
0 	 0 	 0 	 0 	 0 	 3.17857	
0 	 0 	 0 	 0 	 0 	 3.18082	
0 	 0 	 0 	 0 	 0 	 3.1828	
0 	 0 	 0 	 0 	 0 	 3.21472	
0 	 0 	 0 	 0 	 0 	 3.16024	
0 	 0 	 0 	 0 	 0 	 3.14548	
0 	 0 	 0 	 0 	 0 	 3.08917	
0 	 0 	 0 	 0 	 0 	 3.11623	
0 	 0 	 0 	 0 	 0 	 3.10749	
0 	 0 	 0 	 0 	 0 	 3.09281	
0 	 0 	 0 	 0 	 0 	 3.15135	
0 	 0 	 0 	 0 	 0 	 3.19112	
0 	 0 	 0 	 0 	 0 	 3.2353	
0 	 0 	 0 	 0 	 0 	 3.24786	
0 	 0 	 0 	 0 	 0 	 3.24193	
0 	 0 	 0 	 0 	 0 	 3.06694	
0 	 0 	 0 	 0 	 0 	 3.13722	
0 	 0 	 0 	 0 	 0 	 3.15094	
0 	 0 	 0 	 0 	 0 	 3.18844	
0 	 0 	 0 	 0 	 0 	 3.26023	
0 	 0 	 0 	 0 	 0 	 3.22132	
0 	 0 	 0 	 0 	 0 	 3.2188	
0 	 0 	 0 	 0 	 0 	 3.19309	
0 	 0 	 0 	 0 	 0 	 3.14753	
0 	 0 	 0 	 0 	 0 	 3.10566	
0 	 0 	 0 	 0 	 0 	 3.10399	
0 	 0 	 0 	 0 	 0 	 3.09453	
0 	 0 	 0 	 0 	 0 	 3.09595	
0 	 0 	 0 	 0 	 0 	 3.11823	
0 	 0 	 0 	 0 	 0 	 3.09426	
0 	 0 	 0 	 0 	 0 	 3.10629	
0 	 0 	 0 	 0 	 0 	 3.10133	
0 	 0 	 0 	 0 	 0 	 3.08752	
0 	 0 	 0 	 0 	 0 	 3.07494	
0 	 0 	 0 	 0 	 0 	 3.07895	
0 	 0 	 0 	 0 	 0 	 3.06921	
0 	 0 	 0 	 0 	 0 	 3.11587	
0 	 0 	 0 	 0 	 0 	 3.1334	
0 	 0 	 0 	 0 	 0 	 3.16278	
0 	 0 	 0 	 0 	 0 	 3.16384	
0 	 0 	 0 	 0 	 0 	 3.04249	
0 	 0 	 0 	 0 	 0 	 3.03995	
0 	 0 	 0 	 0 	 0 	 3.04073	
0 	 0 	 0 	 0 	 0 	 3.0199	
0 	 0 	 0 	 0 	 0 	 3.04816	
0 	 0 	 0 	 0 	 0 	 3.03848	
0 	 0 	 0 	 0 	 0 	 3.004	
0 	 0 	 0 	 0 	 0 	 2.97836	
0 	 0 	 0 	 0 	 0 	 2.9647	
0 	 0 	 0 	 0 	 0 	 2.95079	
0 	 0 	 0 	 0 	 0 	 2.94293	
0 	 0 	 0 	 0 	 0 	 2.93278	
0 	 0 	 0 	 0 	 0 	 2.91732	
0 	 0 	 0 	 0 	 0 	 2.97151	
0 	 0 	 0 	 0 	 0 	 2.98728	
0 	 0 	 0 	 0 	 0 	 3.01319	
0 	 0 	 0 	 0 	 0 	 3.03344	
0 	 0 	 0 	 0 	 0 	 3.04362	
0 	 0 	 0 	 0 	 0 	 2.99859	
0 	 0 	 0 	 0 	 0 	 2.98469	
0 	 0 	 0 	 0 	 0 	 2.97281	
0 	 0 	 0 	 0 	 0 	 2.98703	
0 	 0 	 0 	 0 	 0 	 2.98663	
0 	 0 	 0 	 0 	 0 	 2.9881	
0 	 0 	 0 	 0 	 0 	 2.95024	
0 	 0 	 0 	 0 	 0 	 2.88203	
0 	 0 	 0 	 0 	 0 	 2.86752	
0 	 0 	 0 	 0 	 0 	 2.89187	
0 	 0 	 0 	 0 	 0 	 2.89772	
0 	 0 	 0 	 0 	 0 	 2.92128	
0 	 0 	 0 	 0 	 0 	 2.91167	
0 	 0 	 0 	 0 	 0 	 2.88957	
0 	 0 	 0 	 0 	 0 	 2.89289	
0 	 0 	 0 	 0 	 0 	 2.89083	
0 	 0 	 0 	 0 	 0 	 2.88007	
0 	 0 	 0 	 0 	 0 	 2.86453	
0 	 0 	 0 	 0 	 0 	 2.84855	
0 	 0 	 0 	 0 	 0 	 2.86173	
0 	 0 	 0 	 0 	 0 	 2.88561	
0 	 0 	 0 	 0 	 0 	 2.89873	
0 	 0 	 0 	 0 	 0 	 2.88592	
0 	 0 	 0 	 0 	 0 	 2.84613	
0 	 0 	 0 	 0 	 0 	 2.82357	
0 	 0 	 0 	 0 	 0 	 2.80054	
0 	 0 	 0 	 0 	 0 	 2.79334	
0 	 0 	 0 	 0 	 0 	 2.79005	
0 	 0 	 0 	 0 	 0 	 2.81198	
0 	 0 	 0 	 0 	 0 	 2.8062	
0 	 0 	 0 	 0 	 0 	 2.80108	
0 	 0 	 0 	 0 	 0 	 2.79492	
0 	 0 	 0 	 0 	 0 	 2.70367	
0 	 0 	 0 	 0 	 0 	 2.70149	
0 	 0 	 0 	 0 	 0 	 2.73049	
0 	 0 	 0 	 0 	 0 	 2.78483	
0 	 0 	 0 	 0 	 0 	 2.79133	
0 	 0 	 0 	 0 	 0 	 2.80297	
0 	 0 	 0 	 0 	 0 	 2.76466	
0 	 0 	 0 	 0 	 0 	 2.76971	
0 	 0 	 0 	 0 	 0 	 2.71152	
0 	 0 	 0 	 0 	 0 	 2.67052	
0 	 0 	 0 	 0 	 0 	 2.72135	
0 	 0 	 0 	 0 	 0 	 2.73494	
0 	 0 	 0 	 0 	 0 	 2.73528	
0 	 0 	 0 	 0 	 0 	 2.75085	
0 	 0 	 0 	 0 	 0 	 2.74761	
0 	 0 	 0 	 0 	 0 	 2.72246	
0 	 0 	 0 	 0 	 0 	 2.71191	
0 	 0 	 0 	 0 	 0 	 2.6684	
0 	 0 	 0 	 0 	 0 	 2.65245	
0 	 0 	 0 	 0 	 0 	 2.64138	
0 	 0 	 0 	 0 	 0 	 2.65782	
0 	 0 	 0 	 0 	 0 	 2.67507	
0 	 0 	 0 	 0 	 0 	 2.67669	
0 	 0 	 0 	 0 	 0 	 2.65998	
0 	 0 	 0 	 0 	 0 	 2.70019	
0 	 0 	 0 	 0 	 0 	 2.54413	
0 	 0 	 0 	 0 	 0 	 2.54707	
0 	 0 	 0 	 0 	 0 	 2.54311	
0 	 0 	 0 	 0 	 0 	 2.57592	
0 	 0 	 0 	 0 	 0 	 2.59965	
0 	 0 	 0 	 0 	 0 	 2.63056	
0 	 0 	 0 	 0 	 0 	 2.63481	
0 	 0 	 0 	 0 	 0 	 2.65853	
0 	 0 	 0 	 0 	 0 	 2.6431	
0 	 0 	 0 	 0 	 0 	 2.62066	
0 	 0 	 0 	 0 	 0 	 2.60724	
0 	 0 	 0 	 0 	 0 	 2.5927	
0 	 0 	 0 	 0 	 0 	 2.57653	
0 	 0 	 0 	 0 	 0 	 2.58619	
0 	 0 	 0 	 0 	 0 	 2.57298	
0 	 0 	 0 	 0 	 0 	 2.58018	
0 	 0 	 0 	 0 	 0 	 2.56967	
0 	 0 	 0 	 0 	 0 	 2.56784	
0 	 0 	 0 	 0 	 0 	 2.56956	
0 	 0 	 0 	 0 	 0 	 2.55242	
0 	 0 	 0 	 0 	 0 	 2.56644	
0 	 0 	 0 	 0 	 0 	 2.58628	
0 	 0 	 0 	 0 	 0 	 2.59016	
0 	 0 	 0 	 0 	 0 	 2.56047	
0 	 0 	 0 	 0 	 0 	 2.51415	
0 	 0 	 0 	 0 	 0 	 2.46985	
0 	 0 	 0 	 0 	 0 	 2.5066	
0 	 0 	 0 	 0 	 0 	 2.5668	
0 	 0 	 0 	 0 	 0 	 2.62932	
0 	 0 	 0 	 0 	 0 	 2.65226	
0 	 0 	 0 	 0 	 0 	 2.63764	
0 	 0 	 0 	 0 	 0 	 2.59668	
0 	 0 	 0 	 0 	 0 	 2.5575	
0 	 0 	 0 	 0 	 0 	 2.52373	
0 	 0 	 0 	 0 	 0 	 2.48006	
0 	 0 	 0 	 0 	 0 	 2.48217	
0 	 0 	 0 	 0 	 0 	 2.47095	
0 	 0 	 0 	 0 	 0 	 2.46232	
0 	 0 	 0 	 0 	 0 	 2.49212	
0 	 0 	 0 	 0 	 0 	 2.48628	
0 	 0 	 0 	 0 	 0 	 2.44212	
0 	 0 	 0 	 0 	 0 	 2.4139	
0 	 0 	 0 	 0 	 0 	 2.3698	
0 	 0 	 0 	 0 	 0 	 2.40882	
0 	 0 	 0 	 0 	 0 	 2.47537	
0 	 0 	 0 	 0 	 0 	 2.53325	
0 	 0 	 0 	 0 	 0 	 2.56317	
0 	 0 	 0 	 0 	 0 	 2.59312	
0 	 0 	 0 	 0 	 0 	 2.56508	
0 	 0 	 0 	 0 	 0 	 2.55813	
0 	 0 	 0 	 0 	 0 	 2.44617	
0 	 0 	 0 	 0 	 0 	 2.41981	
0 	 0 	 0 	 0 	 0 	 2.38882	
0 	 0 	 0 	 0 	 0 	 2.40547	
0 	 0 	 0 	 0 	 0 	 2.40533	
0 	 0 	 0 	 0 	 0 	 2.41574	
0 	 0 	 0 	 0 	 0 	 2.41701	
0 	 0 	 0 	 0 	 0 	 2.40621	
0 	 0 	 0 	 0 	 0 	 2.37985	
0 	 0 	 0 	 0 	 0 	 2.34921	
0 	 0 	 0 	 0 	 0 	 2.35768	
0 	 0 	 0 	 0 	 0 	 2.37196	
0 	 0 	 0 	 0 	 0 	 2.38661	
0 	 0 	 0 	 0 	 0 	 2.40562	
0 	 0 	 0 	 0 	 0 	 2.40314	
0 	 0 	 0 	 0 	 0 	 2.40002	
0 	 0 	 0 	 0 	 0 	 2.38026	
0 	 0 	 0 	 0 	 0 	 2.38997	
0 	 0 	 0 	 0 	 0 	 2.39281	
0 	 0 	 0 	 0 	 0 	 2.40267	
0 	 0 	 0 	 0 	 0 	 2.42019	
0 	 0 	 0 	 0 	 0 	 2.40472	
0 	 0 	 0 	 0 	 0 	 2.39844	
0 	 0 	 0 	 0 	 0 	 2.37882	
0 	 0 	 0 	 0 	 0 	 2.37291	
0 	 0 	 0 	 0 	 0 	 2.26585	
0 	 0 	 0 	 0 	 0 	 2.27697	
0 	 0 	 0 	 0 	 0 	 2.25836	
0 	 0 	 0 	 0 	 0 	 2.28444	
0 	 0 	 0 	 0 	 0 	 2.26795	
0 	 0 	 0 	 0 	 0 	 2.26891	
0 	 0 	 0 	 0 	 0 	 2.27683	
0 	 0 	 0 	 0 	 0 	 2.27264	
0 	 0 	 0 	 0 	 0 	 2.27443	
0 	 0 	 0 	 0 	 0 	 2.26384	
0 	 0 	 0 	 0 	 0 	 2.26235	
0 	 0 	 0 	 0 	 0 	 2.27943	
0 	 0 	 0 	 0 	 0 	 2.30344	
0 	 0 	 0 	 0 	 0 	 2.28945	
0 	 0 	 0 	 0 	 0 	 2.31011	
0 	 0 	 0 	 0 	 0 	 2.27766	
0 	 0 	 0 	 0 	 0 	 2.27895	
0 	 0 	 0 	 0 	 0 	 2.29918	
0 	 0 	 0 	 0 	 0 	 2.29926	
0 	 0 	 0 	 0 	 0 	 2.31861	
0 	 0 	 0 	 0 	 0 	 2.34164	
0 	 0 	 0 	 0 	 0 	 2.31505	
0 	 0 	 0 	 0 	 0 	 2.28134	
0 	 0 	 0 	 0 	 0 	 2.23464	
0 	 0 	 0 	 0 	 0 	 2.21986	
0 	 0 	 0 	 0 	 0 	 2.14382	
0 	 0 	 0 	 0 	 0 	 2.185	
0 	 0 	 0 	 0 	 0 	 2.20042	
0 	 0 	 0 	 0 	 0 	 2.24225	
0 	 0 	 0 	 0 	 0 	 2.23803	
0 	 0 	 0 	 0 	 0 	 2.23109	
0 	 0 	 0 	 0 	 0 	 2.21907	
0 	 0 	 0 	 0 	 0 	 2.18646	
0 	 0 	 0 	 0 	 0 	 2.14683	
0 	 0 	 0 	 0 	 0 	 2.15472	
0 	 0 	 0 	 0 	 0 	 2.1718	
0 	 0 	 0 	 0 	 0 	 2.18104	
0 	 0 	 0 	 0 	 0 	 2.1964	
0 	 0 	 0 	 0 	 0 	 2.1876	
0 	 0 	 0 	 0 	 0 	 2.20755	
0 	 0 	 0 	 0 	 0 	 2.20002	
0 	 0 	 0 	 0 	 0 	 2.17163	
0 	 0 	 0 	 0 	 0 	 2.15143	
0 	 0 	 0 	 0 	 0 	 2.15046	
0 	 0 	 0 	 0 	 0 	 2.13737	
0 	 0 	 0 	 0 	 0 	 2.15509	
0 	 0 	 0 	 0 	 0 	 2.16705	
0 	 0 	 0 	 0 	 0 	 2.18163	
0 	 0 	 0 	 0 	 0 	 2.17929	
0 	 0 	 0 	 0 	 0 	 2.19532	
0 	 0 	 0 	 0 	 0 	 2.0728	
0 	 0 	 0 	 0 	 0 	 2.07125	
0 	 0 	 0 	 0 	 0 	 2.05921	
0 	 0 	 0 	 0 	 0 	 2.11548	
0 	 0 	 0 	 0 	 0 	 2.13821	
0 	 0 	 0 	 0 	 0 	 2.11986	
0 	 0 	 0 	 0 	 0 	 2.15648	
0 	 0 	 0 	 0 	 0 	 2.15689	
0 	 0 	 0 	 0 	 0 	 2.14245	
0 	 0 	 0 	 0 	 0 	 2.14644	
0 	 0 	 0 	 0 	 0 	 2.15596	
0 	 0 	 0 	 0 	 0 	 2.1471	
0 	 0 	 0 	 0 	 0 	 2.17192	
0 	 0 	 0 	 0 	 0 	 2.1436	
0 	 0 	 0 	 0 	 0 	 2.11827	
0 	 0 	 0 	 0 	 0 	 2.08807	
0 	 0 	 0 	 0 	 0 	 2.06258	
0 	 0 	 0 	 0 	 0 	 2.0602	
0 	 0 	 0 	 0 	 0 	 2.0665	
0 	 0 	 0 	 0 	 0 	 2.06083	
0 	 0 	 0 	 0 	 0 	 2.07946	
0 	 0 	 0 	 0 	 0 	 2.08757	
0 	 0 	 0 	 0 	 0 	 2.07552	
0 	 0 	 0 	 0 	 0 	 2.0463	
0 	 0 	 0 	 0 	 0 	 2.05514	
0 	 0 	 0 	 0 	 0 	 1.97699	
0 	 0 	 0 	 0 	 0 	 1.99141	
0 	 0 	 0 	 0 	 0 	 2.03218	
0 	 0 	 0 	 0 	 0 	 2.03524	
0 	 0 	 0 	 0 	 0 	 2.03516	
0 	 0 	 0 	 0 	 0 	 2.03476	
0 	 0 	 0 	 0 	 0 	 1.99743	
0 	 0 	 0 	 0 	 0 	 1.95511	
0 	 0 	 0 	 0 	 0 	 1.96359	
0 	 0 	 0 	 0 	 0 	 2.028	
0 	 0 	 0 	 0 	 0 	 2.07567	
0 	 0 	 0 	 0 	 0 	 2.14729	
0 	 0 	 0 	 0 	 0 	 2.13891	
0 	 0 	 0 	 0 	 0 	 2.10805	
0 	 0 	 0 	 0 	 0 	 2.04188	
0 	 0 	 0 	 0 	 0 	 2.01046	
0 	 0 	 0 	 0 	 0 	 1.97751	
0 	 0 	 0 	 0 	 0 	 1.97604	
0 	 0 	 0 	 0 	 0 	 1.97296	
0 	 0 	 0 	 0 	 0 	 1.98944	
0 	 0 	 0 	 0 	 0 	 2.00934	
0 	 0 	 0 	 0 	 0 	 2.01859	
0 	 0 	 0 	 0 	 0 	 1.99065	
0 	 0 	 0 	 0 	 0 	 1.96556	
0 	 0 	 0 	 0 	 0 	 1.98626	
0 	 0 	 0 	 0 	 0 	 1.90417	
0 	 0 	 0 	 0 	 0 	 1.93317	
0 	 0 	 0 	 0 	 0 	 1.94395	
0 	 0 	 0 	 0 	 0 	 1.9691	
0 	 0 	 0 	 0 	 0 	 1.95477	
0 	 0 	 0 	 0 	 0 	 1.93642	
0 	 0 	 0 	 0 	 0 	 1.92128	
0 	 0 	 0 	 0 	 0 	 1.91828	
0 	 0 	 0 	 0 	 0 	 1.91243	
0 	 0 	 0 	 0 	 0 	 1.91993	
0 	 0 	 0 	 0 	 0 	 1.9229	
0 	 0 	 0 	 0 	 0 	 1.92329	
0 	 0 	 0 	 0 	 0 	 1.91372	
0 	 0 	 0 	 0 	 0 	 1.88382	
0 	 0 	 0 	 0 	 0 	 1.90393	
0 	 0 	 0 	 0 	 0 	 1.90383	
0 	 0 	 0 	 0 	 0 	 1.93966	
0 	 0 	 0 	 0 	 0 	 1.94938	
0 	 0 	 0 	 0 	 0 	 1.97769	
0 	 0 	 0 	 0 	 0 	 2.00253	
0 	 0 	 0 	 0 	 0 	 2.0291	
0 	 0 	 0 	 0 	 0 	 2.01579	
0 	 0 	 0 	 0 	 0 	 1.99384	
0 	 0 	 0 	 0 	 0 	 1.95627	
0 	 0 	 0 	 0 	 0 	 1.94054	
0 	 0 	 0 	 0 	 0 	 1.82174	
0 	 0 	 0 	 0 	 0 	 1.83657	
0 	 0 	 0 	 0 	 0 	 1.84442	
0 	 0 	 0 	 0 	 0 	 1.84273	
0 	 0 	 0 	 0 	 0 	 1.83786	
0 	 0 	 0 	 0 	 0 	 1.81203	
0 	 0 	 0 	 0 	 0 	 1.82517	
0 	 0 	 0 	 0 	 0 	 1.82596	
0 	 0 	 0 	 0 	 0 	 1.82286	
0 	 0 	 0 	 0 	 0 	 1.86052	
0 	 0 	 0 	 0 	 0 	 1.88635	
0 	 0 	 0 	 0 	 0 	 1.9167	
0 	 0 	 0 	 0 	 0 	 1.92813	
0 	 0 	 0 	 0 	 0 	 1.91175	
0 	 0 	 0 	 0 	 0 	 1.9025	
0 	 0 	 0 	 0 	 0 	 1.87945	
0 	 0 	 0 	 0 	 0 	 1.87778	
0 	 0 	 0 	 0 	 0 	 1.86779	
0 	 0 	 0 	 0 	 0 	 1.86053	
0 	 0 	 0 	 0 	 0 	 1.87125	
0 	 0 	 0 	 0 	 0 	 1.8707	
0 	 0 	 0 	 0 	 0 	 1.87609	
0 	 0 	 0 	 0 	 0 	 1.87676	
0 	 0 	 0 	 0 	 0 	 1.87241	
0 	 0 	 0 	 0 	 0 	 1.87051	
0 	 0 	 0 	 0 	 0 	 1.77106	
0 	 0 	 0 	 0 	 0 	 1.78104	
0 	 0 	 0 	 0 	 0 	 1.7931	
0 	 0 	 0 	 0 	 0 	 1.80467	
0 	 0 	 0 	 0 	 0 	 1.80992	
0 	 0 	 0 	 0 	 0 	 1.8153	
0 	 0 	 0 	 0 	 0 	 1.80652	
0 	 0 	 0 	 0 	 0 	 1.79921	
0 	 0 	 0 	 0 	 0 	 1.79695	
0 	 0 	 0 	 0 	 0 	 1.79835	
0 	 0 	 0 	 0 	 0 	 1.79919	
0 	 0 	 0 	 0 	 0 	 1.79947	
0 	 0 	 0 	 0 	 0 	 1.80027	
0 	 0 	 0 	 0 	 0 	 1.79744	
0 	 0 	 0 	 0 	 0 	 1.78653	
0 	 0 	 0 	 0 	 0 	 1.77415	
0 	 0 	 0 	 0 	 0 	 1.77431	
0 	 0 	 0 	 0 	 0 	 1.7809	
0 	 0 	 0 	 0 	 0 	 1.78472	
0 	 0 	 0 	 0 	 0 	 1.79846	
0 	 0 	 0 	 0 	 0 	 1.8037	
0 	 0 	 0 	 0 	 0 	 1.79994	
0 	 0 	 0 	 0 	 0 	 1.80354	
0 	 0 	 0 	 0 	 0 	 1.79438	
0 	 0 	 0 	 0 	 0 	 1.79883	
0 	 0 	 0 	 0 	 0 	 1.71421	
0 	 0 	 0 	 0 	 0 	 1.7138	
0 	 0 	 0 	 0 	 0 	 1.71607	
0 	 0 	 0 	 0 	 0 	 1.71621	
0 	 0 	 0 	 0 	 0 	 1.71319	
0 	 0 	 0 	 0 	 0 	 1.70269	
0 	 0 	 0 	 0 	 0 	 1.7135	
0 	 0 	 0 	 0 	 0 	 1.7117	
0 	 0 	 0 	 0 	 0 	 1.70199	
0 	 0 	 0 	 0 	 0 	 1.70637	
0 	 0 	 0 	 0 	 0 	 1.70922	
0 	 0 	 0 	 0 	 0 	 1.70607	
0 	 0 	 0 	 0 	 0 	 1.70664	
0 	 0 	 0 	 0 	 0 	 1.70401	
0 	 0 	 0 	 0 	 0 	 1.71079	
0 	 0 	 0 	 0 	 0 	 1.71056	
0 	 0 	 0 	 0 	 0 	 1.71118	
0 	 0 	 0 	 0 	 0 	 1.70975	
0 	 0 	 0 	 0 	 0 	 1.70282	
0 	 0 	 0 	 0 	 0 	 1.70755	
0 	 0 	 0 	 0 	 0 	 1.70226	
0 	 0 	 0 	 0 	 0 	 1.70821	
0 	 0 	 0 	 0 	 0 	 1.71299	
0 	 0 	 0 	 0 	 0 	 1.70801	
0 	 0 	 0 	 0 	 0 	 1.71317	
0 	 0 	 0 	 0 	 0 	 1.62839	
0 	 0 	 0 	 0 	 0 	 1.63115	
0 	 0 	 0 	 0 	 0 	 1.63596	
0 	 0 	 0 	 0 	 0 	 1.63951	
0 	 0 	 0 	 0 	 0 	 1.64246	
0 	 0 	 0 	 0 	 0 	 1.63488	
0 	 0 	 0 	 0 	 0 	 1.63019	
0 	 0 	 0 	 0 	 0 	 1.61912	
0 	 0 	 0 	 0 	 0 	 1.62342	
0 	 0 	 0 	 0 	 0 	 1.61973	
0 	 0 	 0 	 0 	 0 	 1.62359	
0 	 0 	 0 	 0 	 0 	 1.62662	
0 	 0 	 0 	 0 	 0 	 1.62394	
0 	 0 	 0 	 0 	 0 	 1.62261	
0 	 0 	 0 	 0 	 0 	 1.61236	
0 	 0 	 0 	 0 	 0 	 1.61229	
0 	 0 	 0 	 0 	 0 	 1.60921	
0 	 0 	 0 	 0 	 0 	 1.60491	
0 	 0 	 0 	 0 	 0 	 1.61464	
0 	 0 	 0 	 0 	 0 	 1.61871	
0 	 0 	 0 	 0 	 0 	 1.62495	
0 	 0 	 0 	 0 	 0 	 1.60932	
0 	 0 	 0 	 0 	 0 	 1.59815	
0 	 0 	 0 	 0 	 0 	 1.60763	
0 	 0 	 0 	 0 	 0 	 1.60716	
0 	 0 	 0 	 0 	 0 	 1.54254	
0 	 0 	 0 	 0 	 0 	 1.54964	
0 	 0 	 0 	 0 	 0 	 1.55961	
0 	 0 	 0 	 0 	 0 	 1.57108	
0 	 0 	 0 	 0 	 0 	 1.56626	
0 	 0 	 0 	 0 	 0 	 1.56394	
0 	 0 	 0 	 0 	 0 	 1.5639	
0 	 0 	 0 	 0 	 0 	 1.55779	
0 	 0 	 0 	 0 	 0 	 1.55122	
0 	 0 	 0 	 0 	 0 	 1.55336	
0 	 0 	 0 	 0 	 0 	 1.556	
0 	 0 	 0 	 0 	 0 	 1.5485	
0 	 0 	 0 	 0 	 0 	 1.5487	
0 	 0 	 0 	 0 	 0 	 1.54378	
0 	 0 	 0 	 0 	 0 	 1.54063	
0 	 0 	 0 	 0 	 0 	 1.54277	
0 	 0 	 0 	 0 	 0 	 1.54088	
0 	 0 	 0 	 0 	 0 	 1.54439	
0 	 0 	 0 	 0 	 0 	 1.54593	
0 	 0 	 0 	 0 	 0 	 1.549	
0 	 0 	 0 	 0 	 0 	 1.55232	
0 	 0 	 0 	 0 	 0 	 1.54531	
0 	 0 	 0 	 0 	 0 	 1.55083	
0 	 0 	 0 	 0 	 0 	 1.54935	
0 	 0 	 0 	 0 	 0 	 1.55285	
0 	 0 	 0 	 0 	 0 	 1.47463	
0 	 0 	 0 	 0 	 0 	 1.47233	
0 	 0 	 0 	 0 	 0 	 1.47668	
0 	 0 	 0 	 0 	 0 	 1.47145	
0 	 0 	 0 	 0 	 0 	 1.4763	
0 	 0 	 0 	 0 	 0 	 1.47203	
0 	 0 	 0 	 0 	 0 	 1.47213	
0 	 0 	 0 	 0 	 0 	 1.47037	
0 	 0 	 0 	 0 	 0 	 1.46719	
0 	 0 	 0 	 0 	 0 	 1.46996	
0 	 0 	 0 	 0 	 0 	 1.4683	
0 	 0 	 0 	 0 	 0 	 1.46623	
0 	 0 	 0 	 0 	 0 	 1.46744	
0 	 0 	 0 	 0 	 0 	 1.47329	
0 	 0 	 0 	 0 	 0 	 1.47572	
0 	 0 	 0 	 0 	 0 	 1.47177	
0 	 0 	 0 	 0 	 0 	 1.4731	
0 	 0 	 0 	 0 	 0 	 1.47634	
0 	 0 	 0 	 0 	 0 	 1.47028	
0 	 0 	 0 	 0 	 0 	 1.46802	
0 	 0 	 0 	 0 	 0 	 1.46359	
0 	 0 	 0 	 0 	 0 	 1.46861	
0 	 0 	 0 	 0 	 0 	 1.46646	
0 	 0 	 0 	 0 	 0 	 1.46932	
0 	 0 	 0 	 0 	 0 	 1.47359	
0 	 0 	 0 	 0 	 0 	 1.40033	
0 	 0 	 0 	 0 	 0 	 1.40209	
0 	 0 	 0 	 0 	 0 	 1.40117	
0 	 0 	 0 	 0 	 0 	 1.40004	
0 	 0 	 0 	 0 	 0 	 1.39679	
0 	 0 	 0 	 0 	 0 	 1.40041	
0 	 0 	 0 	 0 	 0 	 1.40111	
0 	 0 	 0 	 0 	 0 	 1.39794	
0 	 0 	 0 	 0 	 0 	 1.39972	
0 	 0 	 0 	 0 	 0 	 1.39581	
0 	 0 	 0 	 0 	 0 	 1.39801	
0 	 0 	 0 	 0 	 0 	 1.39835	
0 	 0 	 0 	 0 	 0 	 1.3965	
0 	 0 	 0 	 0 	 0 	 1.39665	
0 	 0 	 0 	 0 	 0 	 1.39619	
0 	 0 	 0 	 0 	 0 	 1.3973	
0 	 0 	 0 	 0 	 0 	 1.39644	
0 	 0 	 0 	 0 	 0 	 1.39715	
0 	 0 	 0 	 0 	 0 	 1.39594	
0 	 0 	 0 	 0 	 0 	 1.39268	
0 	 0 	 0 	 0 	 0 	 1.39334	
0 	 0 	 0 	 0 	 0 	 1.39283	
0 	 0 	 0 	 0 	 0 	 1.39366	
0 	 0 	 0 	 0 	 0 	 1.39335	
0 	 0 	 0 	 0 	 0 	 1.39349	
0 	 0 	 0 	 0 	 0 	 1.32356	
0 	 0 	 0 	 0 	 0 	 1.3224	
0 	 0 	 0 	 0 	 0 	 1.32296	
0 	 0 	 0 	 0 	 0 	 1.32451	
0 	 0 	 0 	 0 	 0 	 1.3273	
0 	 0 	 0 	 0 	 0 	 1.33026	
0 	 0 	 0 	 0 	 0 	 1.33152	
0 	 0 	 0 	 0 	 0 	 1.32918	
0 	 0 	 0 	 0 	 0 	 1.32763	
0 	 0 	 0 	 0 	 0 	 1.32654	
0 	 0 	 0 	 0 	 0 	 1.32094	
0 	 0 	 0 	 0 	 0 	 1.32276	
0 	 0 	 0 	 0 	 0 	 1.3259	
0 	 0 	 0 	 0 	 0 	 1.32731	
0 	 0 	 0 	 0 	 0 	 1.32603	
0 	 0 	 0 	 0 	 0 	 1.32278	
0 	 0 	 0 	 0 	 0 	 1.32435	
0 	 0 	 0 	 0 	 0 	 1.32365	
0 	 0 	 0 	 0 	 0 	 1.32337	
0 	 0 	 0 	 0 	 0 	 1.32575	
0 	 0 	 0 	 0 	 0 	 1.32822	
0 	 0 	 0 	 0 	 0 	 1.33107	
0 	 0 	 0 	 0 	 0 	 1.32436	
0 	 0 	 0 	 0 	 0 	 1.32327	
0 	 0 	 0 	 0 	 0 	 1.323	
0 	 0 	 0 	 0 	 0 	 1.25477	
0 	 0 	 0 	 0 	 0 	 1.25617	
0 	 0 	 0 	 0 	 0 	 1.25724	
0 	 0 	 0 	 0 	 0 	 1.25778	
0 	 0 	 0 	 0 	 0 	 1.25511	
0 	 0 	 0 	 0 	 0 	 1.25358	
0 	 0 	 0 	 0 	 0 	 1.25599	
0 	 0 	 0 	 0 	 0 	 1.25739	
0 	 0 	 0 	 0 	 0 	 1.25703	
0 	 0 	 0 	 0 	 0 	 1.25938	
0 	 0 	 0 	 0 	 0 	 1.25994	
0 	 0 	 0 	 0 	 0 	 1.2569	
0 	 0 	 0 	 0 	 0 	 1.25897	
0 	 0 	 0 	 0 	 0 	 1.25776	
0 	 0 	 0 	 0 	 0 	 1.25784	
0 	 0 	 0 	 0 	 0 	 1.26097	
0 	 0 	 0 	 0 	 0 	 1.25535	
0 	 0 	 0 	 0 	 0 	 1.25855	
0 	 0 	 0 	 0 	 0 	 1.25609	
0 	 0 	 0 	 0 	 0 	 1.25555	
0 	 0 	 0 	 0 	 0 	 1.25586	
0 	 0 	 0 	 0 	 0 	 1.25176	
0 	 0 	 0 	 0 	 0 	 1.25243	
0 	 0 	 0 	 0 	 0 	 1.25462	
0 	 0 	 0 	 0 	 0 	 1.25871	
