AgentState_t	AgentState_x0	AgentState_u0	AgentState_v0	Cost	Debug_Cost
0	0.688766	0.198636	0 	 0.00699886	1.99342e-15	
0.1	0.865976	0.2	0 	 0.00714232	1.11084e-19	
0.2	1.03687	0.2	0 	 0.0069959	1.71529e-20	
0.3	1.20286	0.2	0 	 0.00677472	0.0011231	
0.4	1.36473	0.2	0 	 0.00631967	0.00143347	
0.5	1.52302	0.2	0 	 0.0059294	0.00225833	
0.6	1.67811	0.2	0 	 0.00585151	0.00320437	
0.7	1.83029	0.2	0 	 0.00517815	0.00406115	
0.8	1.97981	0.2	0 	 0.00511672	0.0042222	
0.9	2.12686	0.2	0 	 0.00446471	0.00400308	
1	2.27161	0.2	0 	 0.00431933	0.00447227	
1.1	2.4142	0.2	0 	 0.00420842	0.00561602	
1.2	2.55476	0.2	0 	 0.00343619	0.00641352	
1.3	2.6934	0.2	0 	 0.00344692	0.00730531	
1.4	2.83021	0.2	0 	 0.00310219	0.00703298	
1.5	2.96527	0.2	0 	 0.00261041	0.00688982	
1.6	3.06922	0.170329	0 	 0.00230366	0.00735606	
1.7	3.00425	0.00134666	0 	 0.00171532	0.00737881	
1.8	2.99808	0.0592864	0 	 0.00177639	0.00728847	
1.9	2.95853	0.0252382	0 	 0.00170471	0.00738043	
2	3.08653	0.193145	0 	 0.00244101	0.0072808	
2.1	3.02125	0	0 	 0.00153768	0.00708028	
2.2	2.95766	0.000390766	0 	 0.00163905	0.00728763	
2.3	3.06976	0.176167	0 	 0.00225794	0.00699458	
2.4	3.00566	0	0 	 0.00148566	0.00699886	
2.5	2.9869	0.044404	0 	 0.00157859	0.00695299	
2.6	3.02354	0.0996486	0 	 0.00174006	0.00703546	
2.7	2.988	0.0271648	0 	 0.00154473	0.00674605	
2.8	3.03102	0.105493	0 	 0.00175709	0.00689394	
2.9	2.96901	0	0 	 0.00152262	0.00692351	
3	3.05933	0.152277	0 	 0.00192188	0.00681708	
3.1	2.99776	0.000311866	0 	 0.00133186	0.00711622	
3.2	2.9962	0.0595276	0 	 0.00140839	0.00724045	
3.3	3.02687	0.0917202	0 	 0.00151854	0.00704788	
3.4	2.96973	0.00338761	0 	 0.00141191	0.00722658	
3.5	3.02972	0.120272	0 	 0.00167207	0.00731557	
3.6	2.96986	0.000125162	0 	 0.00139956	0.0071062	
3.7	3.04103	0.13098	0 	 0.00174812	0.00728563	
3.8	2.98141	0	0 	 0.00140323	0.00733914	
3.9	3.01602	0.0937486	0 	 0.00152084	0.00722034	
4	2.96731	0.0100209	0 	 0.00140003	0.00702874	
4.1	3.03827	0.129619	0 	 0.001667	0.00723867	
4.2	2.9798	0	0 	 0.00129872	0.00714203	
4.3	3.05507	0.133626	0 	 0.00164215	0.00731592	
4.4	2.99686	0	0 	 0.00122904	0.00743262	
4.5	3.00306	0.0637156	0 	 0.00133499	0.00735059	
4.6	3.00403	0.0582657	0 	 0.00126849	0.00723505	
4.7	2.97454	0.0272905	0 	 0.00123373	0.00716511	
4.8	3.049	0.131368	0 	 0.00158347	0.00722137	
4.9	2.99222	0	0 	 0.00122485	0.00714232	
5	3.01384	0.0778423	0 	 0.00128483	0.00671055	
5.1	2.97502	0.0169677	0 	 0.00119248	0.00680511	
5.2	3.04456	0.125356	0 	 0.00146838	0.00681598	
5.3	2.98891	0	0 	 0.00114146	0.00675605	
5.4	3.02799	0.0943404	0 	 0.0012919	0.00682202	
5.5	2.97315	0	0 	 0.00114493	0.00684045	
5.6	3.05232	0.133992	0 	 0.00152143	0.00689604	
5.7	2.99757	0	0 	 0.00112083	0.00709141	
5.8	3.01281	0.0693876	0 	 0.00117999	0.00683217	
5.9	2.97361	0.0144655	0 	 0.00112686	0.00681307	
6	3.05532	0.135525	0 	 0.00149465	0.00681645	
0 	 0 	 0 	 0 	 0 	 0.00690172	
0 	 0 	 0 	 0 	 0 	 0.00697592	
0 	 0 	 0 	 0 	 0 	 0.00700436	
0 	 0 	 0 	 0 	 0 	 0.00690682	
0 	 0 	 0 	 0 	 0 	 0.0069349	
0 	 0 	 0 	 0 	 0 	 0.0069167	
0 	 0 	 0 	 0 	 0 	 0.00693907	
0 	 0 	 0 	 0 	 0 	 0.00692045	
0 	 0 	 0 	 0 	 0 	 0.00691924	
0 	 0 	 0 	 0 	 0 	 0.00687413	
0 	 0 	 0 	 0 	 0 	 0.00683271	
0 	 0 	 0 	 0 	 0 	 0.00687357	
0 	 0 	 0 	 0 	 0 	 0.0069326	
0 	 0 	 0 	 0 	 0 	 0.0069959	
0 	 0 	 0 	 0 	 0 	 0.00671517	
0 	 0 	 0 	 0 	 0 	 0.00665299	
0 	 0 	 0 	 0 	 0 	 0.00673918	
0 	 0 	 0 	 0 	 0 	 0.00667883	
0 	 0 	 0 	 0 	 0 	 0.00666277	
0 	 0 	 0 	 0 	 0 	 0.00666734	
0 	 0 	 0 	 0 	 0 	 0.00672796	
0 	 0 	 0 	 0 	 0 	 0.00677524	
0 	 0 	 0 	 0 	 0 	 0.00674569	
0 	 0 	 0 	 0 	 0 	 0.00677678	
0 	 0 	 0 	 0 	 0 	 0.00680914	
0 	 0 	 0 	 0 	 0 	 0.0067246	
0 	 0 	 0 	 0 	 0 	 0.00670345	
0 	 0 	 0 	 0 	 0 	 0.00664737	
0 	 0 	 0 	 0 	 0 	 0.00677182	
0 	 0 	 0 	 0 	 0 	 0.00670388	
0 	 0 	 0 	 0 	 0 	 0.00673768	
0 	 0 	 0 	 0 	 0 	 0.00674201	
0 	 0 	 0 	 0 	 0 	 0.00673507	
0 	 0 	 0 	 0 	 0 	 0.0067656	
0 	 0 	 0 	 0 	 0 	 0.00674508	
0 	 0 	 0 	 0 	 0 	 0.00677433	
0 	 0 	 0 	 0 	 0 	 0.00677166	
0 	 0 	 0 	 0 	 0 	 0.0067525	
0 	 0 	 0 	 0 	 0 	 0.00677472	
0 	 0 	 0 	 0 	 0 	 0.00617985	
0 	 0 	 0 	 0 	 0 	 0.00622607	
0 	 0 	 0 	 0 	 0 	 0.00629146	
0 	 0 	 0 	 0 	 0 	 0.00619243	
0 	 0 	 0 	 0 	 0 	 0.00626742	
0 	 0 	 0 	 0 	 0 	 0.00626119	
0 	 0 	 0 	 0 	 0 	 0.00628053	
0 	 0 	 0 	 0 	 0 	 0.00632985	
0 	 0 	 0 	 0 	 0 	 0.00640997	
0 	 0 	 0 	 0 	 0 	 0.00640194	
0 	 0 	 0 	 0 	 0 	 0.00635285	
0 	 0 	 0 	 0 	 0 	 0.00639095	
0 	 0 	 0 	 0 	 0 	 0.00627796	
0 	 0 	 0 	 0 	 0 	 0.00625509	
0 	 0 	 0 	 0 	 0 	 0.00621156	
0 	 0 	 0 	 0 	 0 	 0.00613908	
0 	 0 	 0 	 0 	 0 	 0.00618095	
0 	 0 	 0 	 0 	 0 	 0.00624562	
0 	 0 	 0 	 0 	 0 	 0.00638994	
0 	 0 	 0 	 0 	 0 	 0.00640938	
0 	 0 	 0 	 0 	 0 	 0.00629612	
0 	 0 	 0 	 0 	 0 	 0.00624645	
0 	 0 	 0 	 0 	 0 	 0.00623309	
0 	 0 	 0 	 0 	 0 	 0.0062417	
0 	 0 	 0 	 0 	 0 	 0.00631967	
0 	 0 	 0 	 0 	 0 	 0.00584802	
0 	 0 	 0 	 0 	 0 	 0.00590459	
0 	 0 	 0 	 0 	 0 	 0.00592784	
0 	 0 	 0 	 0 	 0 	 0.00588011	
0 	 0 	 0 	 0 	 0 	 0.00601718	
0 	 0 	 0 	 0 	 0 	 0.00590572	
0 	 0 	 0 	 0 	 0 	 0.0058702	
0 	 0 	 0 	 0 	 0 	 0.00586094	
0 	 0 	 0 	 0 	 0 	 0.00584721	
0 	 0 	 0 	 0 	 0 	 0.0058446	
0 	 0 	 0 	 0 	 0 	 0.00588915	
0 	 0 	 0 	 0 	 0 	 0.00588498	
0 	 0 	 0 	 0 	 0 	 0.00593445	
0 	 0 	 0 	 0 	 0 	 0.00593467	
0 	 0 	 0 	 0 	 0 	 0.0059557	
0 	 0 	 0 	 0 	 0 	 0.00595826	
0 	 0 	 0 	 0 	 0 	 0.00594066	
0 	 0 	 0 	 0 	 0 	 0.00591538	
0 	 0 	 0 	 0 	 0 	 0.00589328	
0 	 0 	 0 	 0 	 0 	 0.00584695	
0 	 0 	 0 	 0 	 0 	 0.00586512	
0 	 0 	 0 	 0 	 0 	 0.00591345	
0 	 0 	 0 	 0 	 0 	 0.00593595	
0 	 0 	 0 	 0 	 0 	 0.005936	
0 	 0 	 0 	 0 	 0 	 0.0059294	
0 	 0 	 0 	 0 	 0 	 0.00561823	
0 	 0 	 0 	 0 	 0 	 0.0055624	
0 	 0 	 0 	 0 	 0 	 0.00556896	
0 	 0 	 0 	 0 	 0 	 0.00554908	
0 	 0 	 0 	 0 	 0 	 0.00564855	
0 	 0 	 0 	 0 	 0 	 0.00575092	
0 	 0 	 0 	 0 	 0 	 0.00589351	
0 	 0 	 0 	 0 	 0 	 0.00573397	
0 	 0 	 0 	 0 	 0 	 0.00569142	
0 	 0 	 0 	 0 	 0 	 0.00577414	
0 	 0 	 0 	 0 	 0 	 0.005764	
0 	 0 	 0 	 0 	 0 	 0.00569245	
0 	 0 	 0 	 0 	 0 	 0.00580302	
0 	 0 	 0 	 0 	 0 	 0.00579729	
0 	 0 	 0 	 0 	 0 	 0.00574098	
0 	 0 	 0 	 0 	 0 	 0.00580024	
0 	 0 	 0 	 0 	 0 	 0.00593148	
0 	 0 	 0 	 0 	 0 	 0.00575669	
0 	 0 	 0 	 0 	 0 	 0.00582821	
0 	 0 	 0 	 0 	 0 	 0.00564812	
0 	 0 	 0 	 0 	 0 	 0.00576131	
0 	 0 	 0 	 0 	 0 	 0.00575305	
0 	 0 	 0 	 0 	 0 	 0.00581358	
0 	 0 	 0 	 0 	 0 	 0.00570873	
0 	 0 	 0 	 0 	 0 	 0.00585151	
0 	 0 	 0 	 0 	 0 	 0.00518462	
0 	 0 	 0 	 0 	 0 	 0.00525836	
0 	 0 	 0 	 0 	 0 	 0.00527455	
0 	 0 	 0 	 0 	 0 	 0.00528444	
0 	 0 	 0 	 0 	 0 	 0.00524858	
0 	 0 	 0 	 0 	 0 	 0.00521948	
0 	 0 	 0 	 0 	 0 	 0.00518682	
0 	 0 	 0 	 0 	 0 	 0.00522639	
0 	 0 	 0 	 0 	 0 	 0.00523846	
0 	 0 	 0 	 0 	 0 	 0.00523523	
0 	 0 	 0 	 0 	 0 	 0.00523143	
0 	 0 	 0 	 0 	 0 	 0.00525956	
0 	 0 	 0 	 0 	 0 	 0.00525742	
0 	 0 	 0 	 0 	 0 	 0.00525279	
0 	 0 	 0 	 0 	 0 	 0.00523055	
0 	 0 	 0 	 0 	 0 	 0.00522255	
0 	 0 	 0 	 0 	 0 	 0.0052483	
0 	 0 	 0 	 0 	 0 	 0.00530807	
0 	 0 	 0 	 0 	 0 	 0.0053364	
0 	 0 	 0 	 0 	 0 	 0.00524293	
0 	 0 	 0 	 0 	 0 	 0.00526809	
0 	 0 	 0 	 0 	 0 	 0.0052281	
0 	 0 	 0 	 0 	 0 	 0.00520758	
0 	 0 	 0 	 0 	 0 	 0.00522225	
0 	 0 	 0 	 0 	 0 	 0.00517815	
0 	 0 	 0 	 0 	 0 	 0.00500669	
0 	 0 	 0 	 0 	 0 	 0.00505439	
0 	 0 	 0 	 0 	 0 	 0.00481382	
0 	 0 	 0 	 0 	 0 	 0.00499482	
0 	 0 	 0 	 0 	 0 	 0.00501377	
0 	 0 	 0 	 0 	 0 	 0.0049511	
0 	 0 	 0 	 0 	 0 	 0.00502165	
0 	 0 	 0 	 0 	 0 	 0.00502012	
0 	 0 	 0 	 0 	 0 	 0.00508343	
0 	 0 	 0 	 0 	 0 	 0.00506317	
0 	 0 	 0 	 0 	 0 	 0.0050747	
0 	 0 	 0 	 0 	 0 	 0.00508691	
0 	 0 	 0 	 0 	 0 	 0.00508665	
0 	 0 	 0 	 0 	 0 	 0.00505275	
0 	 0 	 0 	 0 	 0 	 0.00506541	
0 	 0 	 0 	 0 	 0 	 0.00508352	
0 	 0 	 0 	 0 	 0 	 0.00504776	
0 	 0 	 0 	 0 	 0 	 0.00507506	
0 	 0 	 0 	 0 	 0 	 0.00505201	
0 	 0 	 0 	 0 	 0 	 0.00508657	
0 	 0 	 0 	 0 	 0 	 0.00503355	
0 	 0 	 0 	 0 	 0 	 0.00505885	
0 	 0 	 0 	 0 	 0 	 0.00505768	
0 	 0 	 0 	 0 	 0 	 0.00508614	
0 	 0 	 0 	 0 	 0 	 0.00511672	
0 	 0 	 0 	 0 	 0 	 0.00466783	
0 	 0 	 0 	 0 	 0 	 0.00459279	
0 	 0 	 0 	 0 	 0 	 0.00459774	
0 	 0 	 0 	 0 	 0 	 0.00454522	
0 	 0 	 0 	 0 	 0 	 0.00464651	
0 	 0 	 0 	 0 	 0 	 0.00463142	
0 	 0 	 0 	 0 	 0 	 0.00457501	
0 	 0 	 0 	 0 	 0 	 0.00460759	
0 	 0 	 0 	 0 	 0 	 0.00461084	
0 	 0 	 0 	 0 	 0 	 0.00475644	
0 	 0 	 0 	 0 	 0 	 0.00457315	
0 	 0 	 0 	 0 	 0 	 0.0046135	
0 	 0 	 0 	 0 	 0 	 0.00471859	
0 	 0 	 0 	 0 	 0 	 0.00463647	
0 	 0 	 0 	 0 	 0 	 0.00459782	
0 	 0 	 0 	 0 	 0 	 0.00462368	
0 	 0 	 0 	 0 	 0 	 0.00474977	
0 	 0 	 0 	 0 	 0 	 0.00480621	
0 	 0 	 0 	 0 	 0 	 0.00471943	
0 	 0 	 0 	 0 	 0 	 0.00469114	
0 	 0 	 0 	 0 	 0 	 0.00470525	
0 	 0 	 0 	 0 	 0 	 0.00462522	
0 	 0 	 0 	 0 	 0 	 0.00454943	
0 	 0 	 0 	 0 	 0 	 0.00456626	
0 	 0 	 0 	 0 	 0 	 0.00446471	
0 	 0 	 0 	 0 	 0 	 0.00422786	
0 	 0 	 0 	 0 	 0 	 0.00423655	
0 	 0 	 0 	 0 	 0 	 0.00425834	
0 	 0 	 0 	 0 	 0 	 0.00431859	
0 	 0 	 0 	 0 	 0 	 0.00423796	
0 	 0 	 0 	 0 	 0 	 0.00434743	
0 	 0 	 0 	 0 	 0 	 0.00435722	
0 	 0 	 0 	 0 	 0 	 0.00428505	
0 	 0 	 0 	 0 	 0 	 0.00429078	
0 	 0 	 0 	 0 	 0 	 0.00427216	
0 	 0 	 0 	 0 	 0 	 0.00426696	
0 	 0 	 0 	 0 	 0 	 0.00418645	
0 	 0 	 0 	 0 	 0 	 0.00427883	
0 	 0 	 0 	 0 	 0 	 0.00426647	
0 	 0 	 0 	 0 	 0 	 0.00425174	
0 	 0 	 0 	 0 	 0 	 0.00423681	
0 	 0 	 0 	 0 	 0 	 0.00421296	
0 	 0 	 0 	 0 	 0 	 0.00423309	
0 	 0 	 0 	 0 	 0 	 0.00423858	
0 	 0 	 0 	 0 	 0 	 0.00427487	
0 	 0 	 0 	 0 	 0 	 0.00431587	
0 	 0 	 0 	 0 	 0 	 0.00433266	
0 	 0 	 0 	 0 	 0 	 0.00430679	
0 	 0 	 0 	 0 	 0 	 0.00431851	
0 	 0 	 0 	 0 	 0 	 0.00431933	
0 	 0 	 0 	 0 	 0 	 0.00403119	
0 	 0 	 0 	 0 	 0 	 0.00387498	
0 	 0 	 0 	 0 	 0 	 0.00382994	
0 	 0 	 0 	 0 	 0 	 0.0037618	
0 	 0 	 0 	 0 	 0 	 0.00405422	
0 	 0 	 0 	 0 	 0 	 0.0040393	
0 	 0 	 0 	 0 	 0 	 0.00421817	
0 	 0 	 0 	 0 	 0 	 0.00415091	
0 	 0 	 0 	 0 	 0 	 0.00400365	
0 	 0 	 0 	 0 	 0 	 0.00412797	
0 	 0 	 0 	 0 	 0 	 0.00409468	
0 	 0 	 0 	 0 	 0 	 0.0039761	
0 	 0 	 0 	 0 	 0 	 0.0040245	
0 	 0 	 0 	 0 	 0 	 0.00410827	
0 	 0 	 0 	 0 	 0 	 0.0039718	
0 	 0 	 0 	 0 	 0 	 0.00388486	
0 	 0 	 0 	 0 	 0 	 0.0039953	
0 	 0 	 0 	 0 	 0 	 0.00401665	
0 	 0 	 0 	 0 	 0 	 0.00418243	
0 	 0 	 0 	 0 	 0 	 0.00397074	
0 	 0 	 0 	 0 	 0 	 0.00412247	
0 	 0 	 0 	 0 	 0 	 0.00420237	
0 	 0 	 0 	 0 	 0 	 0.00421924	
0 	 0 	 0 	 0 	 0 	 0.00421898	
0 	 0 	 0 	 0 	 0 	 0.00420842	
0 	 0 	 0 	 0 	 0 	 0.00351373	
0 	 0 	 0 	 0 	 0 	 0.00352673	
0 	 0 	 0 	 0 	 0 	 0.00352174	
0 	 0 	 0 	 0 	 0 	 0.00356243	
0 	 0 	 0 	 0 	 0 	 0.00353205	
0 	 0 	 0 	 0 	 0 	 0.00359956	
0 	 0 	 0 	 0 	 0 	 0.00356638	
0 	 0 	 0 	 0 	 0 	 0.00358134	
0 	 0 	 0 	 0 	 0 	 0.00355969	
0 	 0 	 0 	 0 	 0 	 0.00355342	
0 	 0 	 0 	 0 	 0 	 0.00354832	
0 	 0 	 0 	 0 	 0 	 0.0035539	
0 	 0 	 0 	 0 	 0 	 0.00355031	
0 	 0 	 0 	 0 	 0 	 0.00350777	
0 	 0 	 0 	 0 	 0 	 0.00350455	
0 	 0 	 0 	 0 	 0 	 0.00356552	
0 	 0 	 0 	 0 	 0 	 0.00361662	
0 	 0 	 0 	 0 	 0 	 0.00358669	
0 	 0 	 0 	 0 	 0 	 0.00360554	
0 	 0 	 0 	 0 	 0 	 0.00358786	
0 	 0 	 0 	 0 	 0 	 0.00359057	
0 	 0 	 0 	 0 	 0 	 0.00356879	
0 	 0 	 0 	 0 	 0 	 0.00353946	
0 	 0 	 0 	 0 	 0 	 0.00405159	
0 	 0 	 0 	 0 	 0 	 0.00343619	
0 	 0 	 0 	 0 	 0 	 0.00349534	
0 	 0 	 0 	 0 	 0 	 0.0031427	
0 	 0 	 0 	 0 	 0 	 0.00328046	
0 	 0 	 0 	 0 	 0 	 0.00338353	
0 	 0 	 0 	 0 	 0 	 0.00340358	
0 	 0 	 0 	 0 	 0 	 0.00339534	
0 	 0 	 0 	 0 	 0 	 0.00340869	
0 	 0 	 0 	 0 	 0 	 0.00344346	
0 	 0 	 0 	 0 	 0 	 0.00343522	
0 	 0 	 0 	 0 	 0 	 0.00345373	
0 	 0 	 0 	 0 	 0 	 0.00347537	
0 	 0 	 0 	 0 	 0 	 0.00345136	
0 	 0 	 0 	 0 	 0 	 0.00343378	
0 	 0 	 0 	 0 	 0 	 0.00344048	
0 	 0 	 0 	 0 	 0 	 0.00343948	
0 	 0 	 0 	 0 	 0 	 0.00343573	
0 	 0 	 0 	 0 	 0 	 0.00346765	
0 	 0 	 0 	 0 	 0 	 0.00344207	
0 	 0 	 0 	 0 	 0 	 0.0034627	
0 	 0 	 0 	 0 	 0 	 0.0034916	
0 	 0 	 0 	 0 	 0 	 0.00345668	
0 	 0 	 0 	 0 	 0 	 0.00347739	
0 	 0 	 0 	 0 	 0 	 0.00342464	
0 	 0 	 0 	 0 	 0 	 0.00344592	
0 	 0 	 0 	 0 	 0 	 0.00344692	
0 	 0 	 0 	 0 	 0 	 0.00304989	
0 	 0 	 0 	 0 	 0 	 0.00301655	
0 	 0 	 0 	 0 	 0 	 0.00300542	
0 	 0 	 0 	 0 	 0 	 0.00300593	
0 	 0 	 0 	 0 	 0 	 0.00301323	
0 	 0 	 0 	 0 	 0 	 0.00300901	
0 	 0 	 0 	 0 	 0 	 0.0029592	
0 	 0 	 0 	 0 	 0 	 0.00300844	
0 	 0 	 0 	 0 	 0 	 0.00301739	
0 	 0 	 0 	 0 	 0 	 0.00298545	
0 	 0 	 0 	 0 	 0 	 0.00293295	
0 	 0 	 0 	 0 	 0 	 0.00327655	
0 	 0 	 0 	 0 	 0 	 0.00294459	
0 	 0 	 0 	 0 	 0 	 0.00311578	
0 	 0 	 0 	 0 	 0 	 0.00305461	
0 	 0 	 0 	 0 	 0 	 0.00306001	
0 	 0 	 0 	 0 	 0 	 0.00300196	
0 	 0 	 0 	 0 	 0 	 0.00304963	
0 	 0 	 0 	 0 	 0 	 0.00303039	
0 	 0 	 0 	 0 	 0 	 0.00305486	
0 	 0 	 0 	 0 	 0 	 0.00302837	
0 	 0 	 0 	 0 	 0 	 0.00296672	
0 	 0 	 0 	 0 	 0 	 0.00305416	
0 	 0 	 0 	 0 	 0 	 0.00307271	
0 	 0 	 0 	 0 	 0 	 0.00310219	
0 	 0 	 0 	 0 	 0 	 0.00264839	
0 	 0 	 0 	 0 	 0 	 0.00252437	
0 	 0 	 0 	 0 	 0 	 0.00269243	
0 	 0 	 0 	 0 	 0 	 0.00257907	
0 	 0 	 0 	 0 	 0 	 0.00253128	
0 	 0 	 0 	 0 	 0 	 0.00257236	
0 	 0 	 0 	 0 	 0 	 0.00261219	
0 	 0 	 0 	 0 	 0 	 0.00260813	
0 	 0 	 0 	 0 	 0 	 0.00263061	
0 	 0 	 0 	 0 	 0 	 0.00262594	
0 	 0 	 0 	 0 	 0 	 0.00261835	
0 	 0 	 0 	 0 	 0 	 0.00262164	
0 	 0 	 0 	 0 	 0 	 0.00260908	
0 	 0 	 0 	 0 	 0 	 0.00259521	
0 	 0 	 0 	 0 	 0 	 0.00256742	
0 	 0 	 0 	 0 	 0 	 0.00258104	
0 	 0 	 0 	 0 	 0 	 0.00259203	
0 	 0 	 0 	 0 	 0 	 0.00267022	
0 	 0 	 0 	 0 	 0 	 0.00262715	
0 	 0 	 0 	 0 	 0 	 0.00263674	
0 	 0 	 0 	 0 	 0 	 0.0026303	
0 	 0 	 0 	 0 	 0 	 0.00262165	
0 	 0 	 0 	 0 	 0 	 0.00261239	
0 	 0 	 0 	 0 	 0 	 0.00261179	
0 	 0 	 0 	 0 	 0 	 0.00261041	
0 	 0 	 0 	 0 	 0 	 0.0021957	
0 	 0 	 0 	 0 	 0 	 0.00207768	
0 	 0 	 0 	 0 	 0 	 0.00192256	
0 	 0 	 0 	 0 	 0 	 0.00203912	
0 	 0 	 0 	 0 	 0 	 0.00220705	
0 	 0 	 0 	 0 	 0 	 0.00218091	
0 	 0 	 0 	 0 	 0 	 0.00216138	
0 	 0 	 0 	 0 	 0 	 0.00214558	
0 	 0 	 0 	 0 	 0 	 0.002189	
0 	 0 	 0 	 0 	 0 	 0.00215583	
0 	 0 	 0 	 0 	 0 	 0.00208009	
0 	 0 	 0 	 0 	 0 	 0.00207072	
0 	 0 	 0 	 0 	 0 	 0.00214772	
0 	 0 	 0 	 0 	 0 	 0.002143	
0 	 0 	 0 	 0 	 0 	 0.00206529	
0 	 0 	 0 	 0 	 0 	 0.0019783	
0 	 0 	 0 	 0 	 0 	 0.00192255	
0 	 0 	 0 	 0 	 0 	 0.0020078	
0 	 0 	 0 	 0 	 0 	 0.00224801	
0 	 0 	 0 	 0 	 0 	 0.00224809	
0 	 0 	 0 	 0 	 0 	 0.0021305	
0 	 0 	 0 	 0 	 0 	 0.00201602	
0 	 0 	 0 	 0 	 0 	 0.00211581	
0 	 0 	 0 	 0 	 0 	 0.0021474	
0 	 0 	 0 	 0 	 0 	 0.00230366	
0 	 0 	 0 	 0 	 0 	 0.00163517	
0 	 0 	 0 	 0 	 0 	 0.00165018	
0 	 0 	 0 	 0 	 0 	 0.0016573	
0 	 0 	 0 	 0 	 0 	 0.00165852	
0 	 0 	 0 	 0 	 0 	 0.00163972	
0 	 0 	 0 	 0 	 0 	 0.00163002	
0 	 0 	 0 	 0 	 0 	 0.00162367	
0 	 0 	 0 	 0 	 0 	 0.00163286	
0 	 0 	 0 	 0 	 0 	 0.00164087	
0 	 0 	 0 	 0 	 0 	 0.00166495	
0 	 0 	 0 	 0 	 0 	 0.00165856	
0 	 0 	 0 	 0 	 0 	 0.00167304	
0 	 0 	 0 	 0 	 0 	 0.00168884	
0 	 0 	 0 	 0 	 0 	 0.00168345	
0 	 0 	 0 	 0 	 0 	 0.00167277	
0 	 0 	 0 	 0 	 0 	 0.00173545	
0 	 0 	 0 	 0 	 0 	 0.00162079	
0 	 0 	 0 	 0 	 0 	 0.0016733	
0 	 0 	 0 	 0 	 0 	 0.00166711	
0 	 0 	 0 	 0 	 0 	 0.00169875	
0 	 0 	 0 	 0 	 0 	 0.00173021	
0 	 0 	 0 	 0 	 0 	 0.00176134	
0 	 0 	 0 	 0 	 0 	 0.0017509	
0 	 0 	 0 	 0 	 0 	 0.00172806	
0 	 0 	 0 	 0 	 0 	 0.00171532	
0 	 0 	 0 	 0 	 0 	 0.00178134	
0 	 0 	 0 	 0 	 0 	 0.00190913	
0 	 0 	 0 	 0 	 0 	 0.00186138	
0 	 0 	 0 	 0 	 0 	 0.00178828	
0 	 0 	 0 	 0 	 0 	 0.00180507	
0 	 0 	 0 	 0 	 0 	 0.00176134	
0 	 0 	 0 	 0 	 0 	 0.00174508	
0 	 0 	 0 	 0 	 0 	 0.00175883	
0 	 0 	 0 	 0 	 0 	 0.0017348	
0 	 0 	 0 	 0 	 0 	 0.00172243	
0 	 0 	 0 	 0 	 0 	 0.00171921	
0 	 0 	 0 	 0 	 0 	 0.00169916	
0 	 0 	 0 	 0 	 0 	 0.00173418	
0 	 0 	 0 	 0 	 0 	 0.0017536	
0 	 0 	 0 	 0 	 0 	 0.00179134	
0 	 0 	 0 	 0 	 0 	 0.00178082	
0 	 0 	 0 	 0 	 0 	 0.00177492	
0 	 0 	 0 	 0 	 0 	 0.00176303	
0 	 0 	 0 	 0 	 0 	 0.00171938	
0 	 0 	 0 	 0 	 0 	 0.00170622	
0 	 0 	 0 	 0 	 0 	 0.00173011	
0 	 0 	 0 	 0 	 0 	 0.00171415	
0 	 0 	 0 	 0 	 0 	 0.00173245	
0 	 0 	 0 	 0 	 0 	 0.00177669	
0 	 0 	 0 	 0 	 0 	 0.00177639	
0 	 0 	 0 	 0 	 0 	 0.00203911	
0 	 0 	 0 	 0 	 0 	 0.00212407	
0 	 0 	 0 	 0 	 0 	 0.00217752	
0 	 0 	 0 	 0 	 0 	 0.00186329	
0 	 0 	 0 	 0 	 0 	 0.00169935	
0 	 0 	 0 	 0 	 0 	 0.00172059	
0 	 0 	 0 	 0 	 0 	 0.00170463	
0 	 0 	 0 	 0 	 0 	 0.00171036	
0 	 0 	 0 	 0 	 0 	 0.00169322	
0 	 0 	 0 	 0 	 0 	 0.00171764	
0 	 0 	 0 	 0 	 0 	 0.00173968	
0 	 0 	 0 	 0 	 0 	 0.00178773	
0 	 0 	 0 	 0 	 0 	 0.00176862	
0 	 0 	 0 	 0 	 0 	 0.00229324	
0 	 0 	 0 	 0 	 0 	 0.00240379	
0 	 0 	 0 	 0 	 0 	 0.00236394	
0 	 0 	 0 	 0 	 0 	 0.00202062	
0 	 0 	 0 	 0 	 0 	 0.00224725	
0 	 0 	 0 	 0 	 0 	 0.00173094	
0 	 0 	 0 	 0 	 0 	 0.00174332	
0 	 0 	 0 	 0 	 0 	 0.00173476	
0 	 0 	 0 	 0 	 0 	 0.00172761	
0 	 0 	 0 	 0 	 0 	 0.00174454	
0 	 0 	 0 	 0 	 0 	 0.00172187	
0 	 0 	 0 	 0 	 0 	 0.00170471	
0 	 0 	 0 	 0 	 0 	 0.0019166	
0 	 0 	 0 	 0 	 0 	 0.00225668	
0 	 0 	 0 	 0 	 0 	 0.00251622	
0 	 0 	 0 	 0 	 0 	 0.00252155	
0 	 0 	 0 	 0 	 0 	 0.00252315	
0 	 0 	 0 	 0 	 0 	 0.00252403	
0 	 0 	 0 	 0 	 0 	 0.00254081	
0 	 0 	 0 	 0 	 0 	 0.00253463	
0 	 0 	 0 	 0 	 0 	 0.00250006	
0 	 0 	 0 	 0 	 0 	 0.00236043	
0 	 0 	 0 	 0 	 0 	 0.00260327	
0 	 0 	 0 	 0 	 0 	 0.00234019	
0 	 0 	 0 	 0 	 0 	 0.00258711	
0 	 0 	 0 	 0 	 0 	 0.00189876	
0 	 0 	 0 	 0 	 0 	 0.00196801	
0 	 0 	 0 	 0 	 0 	 0.00204497	
0 	 0 	 0 	 0 	 0 	 0.00181292	
0 	 0 	 0 	 0 	 0 	 0.00207736	
0 	 0 	 0 	 0 	 0 	 0.00225757	
0 	 0 	 0 	 0 	 0 	 0.00216438	
0 	 0 	 0 	 0 	 0 	 0.00213026	
0 	 0 	 0 	 0 	 0 	 0.002177	
0 	 0 	 0 	 0 	 0 	 0.00237399	
0 	 0 	 0 	 0 	 0 	 0.00222605	
0 	 0 	 0 	 0 	 0 	 0.00244101	
0 	 0 	 0 	 0 	 0 	 0.0015537	
0 	 0 	 0 	 0 	 0 	 0.00156083	
0 	 0 	 0 	 0 	 0 	 0.00157408	
0 	 0 	 0 	 0 	 0 	 0.00157341	
0 	 0 	 0 	 0 	 0 	 0.00156764	
0 	 0 	 0 	 0 	 0 	 0.00137543	
0 	 0 	 0 	 0 	 0 	 0.00157987	
0 	 0 	 0 	 0 	 0 	 0.00150287	
0 	 0 	 0 	 0 	 0 	 0.00155193	
0 	 0 	 0 	 0 	 0 	 0.0015895	
0 	 0 	 0 	 0 	 0 	 0.0016398	
0 	 0 	 0 	 0 	 0 	 0.00159281	
0 	 0 	 0 	 0 	 0 	 0.0015519	
0 	 0 	 0 	 0 	 0 	 0.00152635	
0 	 0 	 0 	 0 	 0 	 0.00150449	
0 	 0 	 0 	 0 	 0 	 0.00148919	
0 	 0 	 0 	 0 	 0 	 0.00146616	
0 	 0 	 0 	 0 	 0 	 0.00155728	
0 	 0 	 0 	 0 	 0 	 0.00152258	
0 	 0 	 0 	 0 	 0 	 0.00151274	
0 	 0 	 0 	 0 	 0 	 0.00151943	
0 	 0 	 0 	 0 	 0 	 0.00148988	
0 	 0 	 0 	 0 	 0 	 0.00152005	
0 	 0 	 0 	 0 	 0 	 0.00147955	
0 	 0 	 0 	 0 	 0 	 0.00153768	
0 	 0 	 0 	 0 	 0 	 0.00167573	
0 	 0 	 0 	 0 	 0 	 0.00165718	
0 	 0 	 0 	 0 	 0 	 0.00164456	
0 	 0 	 0 	 0 	 0 	 0.00161354	
0 	 0 	 0 	 0 	 0 	 0.00160764	
0 	 0 	 0 	 0 	 0 	 0.0015769	
0 	 0 	 0 	 0 	 0 	 0.00159512	
0 	 0 	 0 	 0 	 0 	 0.00157848	
0 	 0 	 0 	 0 	 0 	 0.0015735	
0 	 0 	 0 	 0 	 0 	 0.00158183	
0 	 0 	 0 	 0 	 0 	 0.00159536	
0 	 0 	 0 	 0 	 0 	 0.00161984	
0 	 0 	 0 	 0 	 0 	 0.00164672	
0 	 0 	 0 	 0 	 0 	 0.00171372	
0 	 0 	 0 	 0 	 0 	 0.00168178	
0 	 0 	 0 	 0 	 0 	 0.00189761	
0 	 0 	 0 	 0 	 0 	 0.0015316	
0 	 0 	 0 	 0 	 0 	 0.00161185	
0 	 0 	 0 	 0 	 0 	 0.00167184	
0 	 0 	 0 	 0 	 0 	 0.00168916	
0 	 0 	 0 	 0 	 0 	 0.00171374	
0 	 0 	 0 	 0 	 0 	 0.00173264	
0 	 0 	 0 	 0 	 0 	 0.00173116	
0 	 0 	 0 	 0 	 0 	 0.00161062	
0 	 0 	 0 	 0 	 0 	 0.00163905	
0 	 0 	 0 	 0 	 0 	 0.00160566	
0 	 0 	 0 	 0 	 0 	 0.00172598	
0 	 0 	 0 	 0 	 0 	 0.00173457	
0 	 0 	 0 	 0 	 0 	 0.00168262	
0 	 0 	 0 	 0 	 0 	 0.00162133	
0 	 0 	 0 	 0 	 0 	 0.00188744	
0 	 0 	 0 	 0 	 0 	 0.00184991	
0 	 0 	 0 	 0 	 0 	 0.00230066	
0 	 0 	 0 	 0 	 0 	 0.00206549	
0 	 0 	 0 	 0 	 0 	 0.0018616	
0 	 0 	 0 	 0 	 0 	 0.00208838	
0 	 0 	 0 	 0 	 0 	 0.00239354	
0 	 0 	 0 	 0 	 0 	 0.0022986	
0 	 0 	 0 	 0 	 0 	 0.00200336	
0 	 0 	 0 	 0 	 0 	 0.00200098	
0 	 0 	 0 	 0 	 0 	 0.00210267	
0 	 0 	 0 	 0 	 0 	 0.00214673	
0 	 0 	 0 	 0 	 0 	 0.00188255	
0 	 0 	 0 	 0 	 0 	 0.00190931	
0 	 0 	 0 	 0 	 0 	 0.00182861	
0 	 0 	 0 	 0 	 0 	 0.00196295	
0 	 0 	 0 	 0 	 0 	 0.00207445	
0 	 0 	 0 	 0 	 0 	 0.00228566	
0 	 0 	 0 	 0 	 0 	 0.00201151	
0 	 0 	 0 	 0 	 0 	 0.00225794	
0 	 0 	 0 	 0 	 0 	 0.00149778	
0 	 0 	 0 	 0 	 0 	 0.00149101	
0 	 0 	 0 	 0 	 0 	 0.00149001	
0 	 0 	 0 	 0 	 0 	 0.001486	
0 	 0 	 0 	 0 	 0 	 0.00147963	
0 	 0 	 0 	 0 	 0 	 0.00147046	
0 	 0 	 0 	 0 	 0 	 0.00145765	
0 	 0 	 0 	 0 	 0 	 0.00147032	
0 	 0 	 0 	 0 	 0 	 0.00151106	
0 	 0 	 0 	 0 	 0 	 0.00150317	
0 	 0 	 0 	 0 	 0 	 0.00151151	
0 	 0 	 0 	 0 	 0 	 0.00145367	
0 	 0 	 0 	 0 	 0 	 0.00151543	
0 	 0 	 0 	 0 	 0 	 0.00148797	
0 	 0 	 0 	 0 	 0 	 0.00148929	
0 	 0 	 0 	 0 	 0 	 0.00148049	
0 	 0 	 0 	 0 	 0 	 0.00150009	
0 	 0 	 0 	 0 	 0 	 0.00150989	
0 	 0 	 0 	 0 	 0 	 0.00151765	
0 	 0 	 0 	 0 	 0 	 0.0015047	
0 	 0 	 0 	 0 	 0 	 0.00159728	
0 	 0 	 0 	 0 	 0 	 0.00151122	
0 	 0 	 0 	 0 	 0 	 0.00152057	
0 	 0 	 0 	 0 	 0 	 0.00152813	
0 	 0 	 0 	 0 	 0 	 0.00148566	
0 	 0 	 0 	 0 	 0 	 0.00155115	
0 	 0 	 0 	 0 	 0 	 0.00157227	
0 	 0 	 0 	 0 	 0 	 0.00156366	
0 	 0 	 0 	 0 	 0 	 0.00159412	
0 	 0 	 0 	 0 	 0 	 0.00156741	
0 	 0 	 0 	 0 	 0 	 0.00155471	
0 	 0 	 0 	 0 	 0 	 0.00158001	
0 	 0 	 0 	 0 	 0 	 0.00158249	
0 	 0 	 0 	 0 	 0 	 0.00158615	
0 	 0 	 0 	 0 	 0 	 0.00157696	
0 	 0 	 0 	 0 	 0 	 0.00156152	
0 	 0 	 0 	 0 	 0 	 0.00155638	
0 	 0 	 0 	 0 	 0 	 0.00156279	
0 	 0 	 0 	 0 	 0 	 0.00154989	
0 	 0 	 0 	 0 	 0 	 0.00155085	
0 	 0 	 0 	 0 	 0 	 0.00159374	
0 	 0 	 0 	 0 	 0 	 0.00163431	
0 	 0 	 0 	 0 	 0 	 0.00162986	
0 	 0 	 0 	 0 	 0 	 0.00165144	
0 	 0 	 0 	 0 	 0 	 0.00166342	
0 	 0 	 0 	 0 	 0 	 0.00161474	
0 	 0 	 0 	 0 	 0 	 0.00158984	
0 	 0 	 0 	 0 	 0 	 0.00158684	
0 	 0 	 0 	 0 	 0 	 0.00154604	
0 	 0 	 0 	 0 	 0 	 0.00157859	
0 	 0 	 0 	 0 	 0 	 0.00164486	
0 	 0 	 0 	 0 	 0 	 0.001676	
0 	 0 	 0 	 0 	 0 	 0.00168037	
0 	 0 	 0 	 0 	 0 	 0.00167214	
0 	 0 	 0 	 0 	 0 	 0.00168214	
0 	 0 	 0 	 0 	 0 	 0.0016757	
0 	 0 	 0 	 0 	 0 	 0.00166981	
0 	 0 	 0 	 0 	 0 	 0.00164053	
0 	 0 	 0 	 0 	 0 	 0.00166514	
0 	 0 	 0 	 0 	 0 	 0.00164868	
0 	 0 	 0 	 0 	 0 	 0.00169961	
0 	 0 	 0 	 0 	 0 	 0.00179799	
0 	 0 	 0 	 0 	 0 	 0.0019901	
0 	 0 	 0 	 0 	 0 	 0.00184014	
0 	 0 	 0 	 0 	 0 	 0.00182736	
0 	 0 	 0 	 0 	 0 	 0.00172046	
0 	 0 	 0 	 0 	 0 	 0.00159829	
0 	 0 	 0 	 0 	 0 	 0.00162918	
0 	 0 	 0 	 0 	 0 	 0.00165974	
0 	 0 	 0 	 0 	 0 	 0.00167188	
0 	 0 	 0 	 0 	 0 	 0.0016962	
0 	 0 	 0 	 0 	 0 	 0.0016483	
0 	 0 	 0 	 0 	 0 	 0.00170674	
0 	 0 	 0 	 0 	 0 	 0.00167556	
0 	 0 	 0 	 0 	 0 	 0.00174006	
0 	 0 	 0 	 0 	 0 	 0.00152662	
0 	 0 	 0 	 0 	 0 	 0.00155765	
0 	 0 	 0 	 0 	 0 	 0.00153896	
0 	 0 	 0 	 0 	 0 	 0.00162149	
0 	 0 	 0 	 0 	 0 	 0.00158557	
0 	 0 	 0 	 0 	 0 	 0.00157114	
0 	 0 	 0 	 0 	 0 	 0.00160675	
0 	 0 	 0 	 0 	 0 	 0.00157454	
0 	 0 	 0 	 0 	 0 	 0.00155614	
0 	 0 	 0 	 0 	 0 	 0.00154699	
0 	 0 	 0 	 0 	 0 	 0.00152984	
0 	 0 	 0 	 0 	 0 	 0.00154471	
0 	 0 	 0 	 0 	 0 	 0.00153448	
0 	 0 	 0 	 0 	 0 	 0.00153624	
0 	 0 	 0 	 0 	 0 	 0.00157669	
0 	 0 	 0 	 0 	 0 	 0.0015609	
0 	 0 	 0 	 0 	 0 	 0.00155748	
0 	 0 	 0 	 0 	 0 	 0.00154758	
0 	 0 	 0 	 0 	 0 	 0.00152712	
0 	 0 	 0 	 0 	 0 	 0.0015534	
0 	 0 	 0 	 0 	 0 	 0.00154881	
0 	 0 	 0 	 0 	 0 	 0.00156161	
0 	 0 	 0 	 0 	 0 	 0.00157178	
0 	 0 	 0 	 0 	 0 	 0.00155307	
0 	 0 	 0 	 0 	 0 	 0.00154473	
0 	 0 	 0 	 0 	 0 	 0.00159324	
0 	 0 	 0 	 0 	 0 	 0.00159175	
0 	 0 	 0 	 0 	 0 	 0.00163071	
0 	 0 	 0 	 0 	 0 	 0.00169641	
0 	 0 	 0 	 0 	 0 	 0.00170935	
0 	 0 	 0 	 0 	 0 	 0.00168725	
0 	 0 	 0 	 0 	 0 	 0.00174819	
0 	 0 	 0 	 0 	 0 	 0.00176985	
0 	 0 	 0 	 0 	 0 	 0.00172535	
0 	 0 	 0 	 0 	 0 	 0.00169244	
0 	 0 	 0 	 0 	 0 	 0.00173061	
0 	 0 	 0 	 0 	 0 	 0.00164649	
0 	 0 	 0 	 0 	 0 	 0.00157591	
0 	 0 	 0 	 0 	 0 	 0.00158054	
0 	 0 	 0 	 0 	 0 	 0.0016173	
0 	 0 	 0 	 0 	 0 	 0.00166871	
0 	 0 	 0 	 0 	 0 	 0.00164201	
0 	 0 	 0 	 0 	 0 	 0.00168593	
0 	 0 	 0 	 0 	 0 	 0.00167891	
0 	 0 	 0 	 0 	 0 	 0.00172022	
0 	 0 	 0 	 0 	 0 	 0.00163786	
0 	 0 	 0 	 0 	 0 	 0.00169808	
0 	 0 	 0 	 0 	 0 	 0.00168603	
0 	 0 	 0 	 0 	 0 	 0.00174275	
0 	 0 	 0 	 0 	 0 	 0.00175709	
0 	 0 	 0 	 0 	 0 	 0.00155147	
0 	 0 	 0 	 0 	 0 	 0.00157948	
0 	 0 	 0 	 0 	 0 	 0.00156651	
0 	 0 	 0 	 0 	 0 	 0.00154935	
0 	 0 	 0 	 0 	 0 	 0.00152765	
0 	 0 	 0 	 0 	 0 	 0.00152082	
0 	 0 	 0 	 0 	 0 	 0.00155603	
0 	 0 	 0 	 0 	 0 	 0.00156875	
0 	 0 	 0 	 0 	 0 	 0.00157883	
0 	 0 	 0 	 0 	 0 	 0.00156787	
0 	 0 	 0 	 0 	 0 	 0.00153705	
0 	 0 	 0 	 0 	 0 	 0.0014905	
0 	 0 	 0 	 0 	 0 	 0.00150882	
0 	 0 	 0 	 0 	 0 	 0.0014952	
0 	 0 	 0 	 0 	 0 	 0.00151863	
0 	 0 	 0 	 0 	 0 	 0.00151311	
0 	 0 	 0 	 0 	 0 	 0.00145467	
0 	 0 	 0 	 0 	 0 	 0.00151312	
0 	 0 	 0 	 0 	 0 	 0.00151519	
0 	 0 	 0 	 0 	 0 	 0.00152862	
0 	 0 	 0 	 0 	 0 	 0.00162554	
0 	 0 	 0 	 0 	 0 	 0.00165576	
0 	 0 	 0 	 0 	 0 	 0.00158194	
0 	 0 	 0 	 0 	 0 	 0.00153376	
0 	 0 	 0 	 0 	 0 	 0.00152262	
0 	 0 	 0 	 0 	 0 	 0.00155833	
0 	 0 	 0 	 0 	 0 	 0.00158095	
0 	 0 	 0 	 0 	 0 	 0.00160476	
0 	 0 	 0 	 0 	 0 	 0.00163331	
0 	 0 	 0 	 0 	 0 	 0.00161796	
0 	 0 	 0 	 0 	 0 	 0.00171583	
0 	 0 	 0 	 0 	 0 	 0.0018012	
0 	 0 	 0 	 0 	 0 	 0.00179385	
0 	 0 	 0 	 0 	 0 	 0.00175339	
0 	 0 	 0 	 0 	 0 	 0.0017363	
0 	 0 	 0 	 0 	 0 	 0.0018017	
0 	 0 	 0 	 0 	 0 	 0.00184489	
0 	 0 	 0 	 0 	 0 	 0.00189944	
0 	 0 	 0 	 0 	 0 	 0.00213585	
0 	 0 	 0 	 0 	 0 	 0.00187892	
0 	 0 	 0 	 0 	 0 	 0.0019986	
0 	 0 	 0 	 0 	 0 	 0.00192932	
0 	 0 	 0 	 0 	 0 	 0.00183285	
0 	 0 	 0 	 0 	 0 	 0.00183997	
0 	 0 	 0 	 0 	 0 	 0.00194872	
0 	 0 	 0 	 0 	 0 	 0.00175958	
0 	 0 	 0 	 0 	 0 	 0.00167441	
0 	 0 	 0 	 0 	 0 	 0.00165758	
0 	 0 	 0 	 0 	 0 	 0.00174197	
0 	 0 	 0 	 0 	 0 	 0.00192188	
0 	 0 	 0 	 0 	 0 	 0.00142109	
0 	 0 	 0 	 0 	 0 	 0.00144381	
0 	 0 	 0 	 0 	 0 	 0.00147451	
0 	 0 	 0 	 0 	 0 	 0.00146591	
0 	 0 	 0 	 0 	 0 	 0.00127254	
0 	 0 	 0 	 0 	 0 	 0.00140286	
0 	 0 	 0 	 0 	 0 	 0.00146098	
0 	 0 	 0 	 0 	 0 	 0.00136942	
0 	 0 	 0 	 0 	 0 	 0.00131095	
0 	 0 	 0 	 0 	 0 	 0.00139167	
0 	 0 	 0 	 0 	 0 	 0.00140768	
0 	 0 	 0 	 0 	 0 	 0.00141331	
0 	 0 	 0 	 0 	 0 	 0.00141617	
0 	 0 	 0 	 0 	 0 	 0.00141018	
0 	 0 	 0 	 0 	 0 	 0.00139921	
0 	 0 	 0 	 0 	 0 	 0.00138494	
0 	 0 	 0 	 0 	 0 	 0.0013833	
0 	 0 	 0 	 0 	 0 	 0.00140239	
0 	 0 	 0 	 0 	 0 	 0.00138294	
0 	 0 	 0 	 0 	 0 	 0.0013905	
0 	 0 	 0 	 0 	 0 	 0.00122042	
0 	 0 	 0 	 0 	 0 	 0.00144348	
0 	 0 	 0 	 0 	 0 	 0.00133432	
0 	 0 	 0 	 0 	 0 	 0.00137537	
0 	 0 	 0 	 0 	 0 	 0.00133186	
0 	 0 	 0 	 0 	 0 	 0.00143389	
0 	 0 	 0 	 0 	 0 	 0.00148957	
0 	 0 	 0 	 0 	 0 	 0.00146677	
0 	 0 	 0 	 0 	 0 	 0.00147458	
0 	 0 	 0 	 0 	 0 	 0.00141663	
0 	 0 	 0 	 0 	 0 	 0.00143027	
0 	 0 	 0 	 0 	 0 	 0.001409	
0 	 0 	 0 	 0 	 0 	 0.00142421	
0 	 0 	 0 	 0 	 0 	 0.00141724	
0 	 0 	 0 	 0 	 0 	 0.0014283	
0 	 0 	 0 	 0 	 0 	 0.00141933	
0 	 0 	 0 	 0 	 0 	 0.00144373	
0 	 0 	 0 	 0 	 0 	 0.00151886	
0 	 0 	 0 	 0 	 0 	 0.00153244	
0 	 0 	 0 	 0 	 0 	 0.00147821	
0 	 0 	 0 	 0 	 0 	 0.0014456	
0 	 0 	 0 	 0 	 0 	 0.00144832	
0 	 0 	 0 	 0 	 0 	 0.00145098	
0 	 0 	 0 	 0 	 0 	 0.00146638	
0 	 0 	 0 	 0 	 0 	 0.00147689	
0 	 0 	 0 	 0 	 0 	 0.00149958	
0 	 0 	 0 	 0 	 0 	 0.00145434	
0 	 0 	 0 	 0 	 0 	 0.00141938	
0 	 0 	 0 	 0 	 0 	 0.00142079	
0 	 0 	 0 	 0 	 0 	 0.00140839	
0 	 0 	 0 	 0 	 0 	 0.00138142	
0 	 0 	 0 	 0 	 0 	 0.00141634	
0 	 0 	 0 	 0 	 0 	 0.00144842	
0 	 0 	 0 	 0 	 0 	 0.00154148	
0 	 0 	 0 	 0 	 0 	 0.00156163	
0 	 0 	 0 	 0 	 0 	 0.00146369	
0 	 0 	 0 	 0 	 0 	 0.00140834	
0 	 0 	 0 	 0 	 0 	 0.00139877	
0 	 0 	 0 	 0 	 0 	 0.00138793	
0 	 0 	 0 	 0 	 0 	 0.00136774	
0 	 0 	 0 	 0 	 0 	 0.00142762	
0 	 0 	 0 	 0 	 0 	 0.00147189	
0 	 0 	 0 	 0 	 0 	 0.00161615	
0 	 0 	 0 	 0 	 0 	 0.0016344	
0 	 0 	 0 	 0 	 0 	 0.00176175	
0 	 0 	 0 	 0 	 0 	 0.00182683	
0 	 0 	 0 	 0 	 0 	 0.0015657	
0 	 0 	 0 	 0 	 0 	 0.00142162	
0 	 0 	 0 	 0 	 0 	 0.00146686	
0 	 0 	 0 	 0 	 0 	 0.00139183	
0 	 0 	 0 	 0 	 0 	 0.00139833	
0 	 0 	 0 	 0 	 0 	 0.00140723	
0 	 0 	 0 	 0 	 0 	 0.0014988	
0 	 0 	 0 	 0 	 0 	 0.00151706	
0 	 0 	 0 	 0 	 0 	 0.00151854	
0 	 0 	 0 	 0 	 0 	 0.00139532	
0 	 0 	 0 	 0 	 0 	 0.00137524	
0 	 0 	 0 	 0 	 0 	 0.00138258	
0 	 0 	 0 	 0 	 0 	 0.00137293	
0 	 0 	 0 	 0 	 0 	 0.00138121	
0 	 0 	 0 	 0 	 0 	 0.00137055	
0 	 0 	 0 	 0 	 0 	 0.00141078	
0 	 0 	 0 	 0 	 0 	 0.00142644	
0 	 0 	 0 	 0 	 0 	 0.00145468	
0 	 0 	 0 	 0 	 0 	 0.00144706	
0 	 0 	 0 	 0 	 0 	 0.00142268	
0 	 0 	 0 	 0 	 0 	 0.00140748	
0 	 0 	 0 	 0 	 0 	 0.00138596	
0 	 0 	 0 	 0 	 0 	 0.00137203	
0 	 0 	 0 	 0 	 0 	 0.00139043	
0 	 0 	 0 	 0 	 0 	 0.0014034	
0 	 0 	 0 	 0 	 0 	 0.00143602	
0 	 0 	 0 	 0 	 0 	 0.00140095	
0 	 0 	 0 	 0 	 0 	 0.00141292	
0 	 0 	 0 	 0 	 0 	 0.00139836	
0 	 0 	 0 	 0 	 0 	 0.00139371	
0 	 0 	 0 	 0 	 0 	 0.00138964	
0 	 0 	 0 	 0 	 0 	 0.00139036	
0 	 0 	 0 	 0 	 0 	 0.00139324	
0 	 0 	 0 	 0 	 0 	 0.00141191	
0 	 0 	 0 	 0 	 0 	 0.00160086	
0 	 0 	 0 	 0 	 0 	 0.00152802	
0 	 0 	 0 	 0 	 0 	 0.00149673	
0 	 0 	 0 	 0 	 0 	 0.00147114	
0 	 0 	 0 	 0 	 0 	 0.00149008	
0 	 0 	 0 	 0 	 0 	 0.00170199	
0 	 0 	 0 	 0 	 0 	 0.00163938	
0 	 0 	 0 	 0 	 0 	 0.00168759	
0 	 0 	 0 	 0 	 0 	 0.00212713	
0 	 0 	 0 	 0 	 0 	 0.00181158	
0 	 0 	 0 	 0 	 0 	 0.00174417	
0 	 0 	 0 	 0 	 0 	 0.00169006	
0 	 0 	 0 	 0 	 0 	 0.00175692	
0 	 0 	 0 	 0 	 0 	 0.00168289	
0 	 0 	 0 	 0 	 0 	 0.00180558	
0 	 0 	 0 	 0 	 0 	 0.0016689	
0 	 0 	 0 	 0 	 0 	 0.00182525	
0 	 0 	 0 	 0 	 0 	 0.0019115	
0 	 0 	 0 	 0 	 0 	 0.00179712	
0 	 0 	 0 	 0 	 0 	 0.00165823	
0 	 0 	 0 	 0 	 0 	 0.00169085	
0 	 0 	 0 	 0 	 0 	 0.00173524	
0 	 0 	 0 	 0 	 0 	 0.00172795	
0 	 0 	 0 	 0 	 0 	 0.00175805	
0 	 0 	 0 	 0 	 0 	 0.00167207	
0 	 0 	 0 	 0 	 0 	 0.00138993	
0 	 0 	 0 	 0 	 0 	 0.00138154	
0 	 0 	 0 	 0 	 0 	 0.00138212	
0 	 0 	 0 	 0 	 0 	 0.00136489	
0 	 0 	 0 	 0 	 0 	 0.00136138	
0 	 0 	 0 	 0 	 0 	 0.00135272	
0 	 0 	 0 	 0 	 0 	 0.00136733	
0 	 0 	 0 	 0 	 0 	 0.00137915	
0 	 0 	 0 	 0 	 0 	 0.00142072	
0 	 0 	 0 	 0 	 0 	 0.00148563	
0 	 0 	 0 	 0 	 0 	 0.00144871	
0 	 0 	 0 	 0 	 0 	 0.00145475	
0 	 0 	 0 	 0 	 0 	 0.00146382	
0 	 0 	 0 	 0 	 0 	 0.00144219	
0 	 0 	 0 	 0 	 0 	 0.00142312	
0 	 0 	 0 	 0 	 0 	 0.00139728	
0 	 0 	 0 	 0 	 0 	 0.00138267	
0 	 0 	 0 	 0 	 0 	 0.00140479	
0 	 0 	 0 	 0 	 0 	 0.00143582	
0 	 0 	 0 	 0 	 0 	 0.00145048	
0 	 0 	 0 	 0 	 0 	 0.00141022	
0 	 0 	 0 	 0 	 0 	 0.00139809	
0 	 0 	 0 	 0 	 0 	 0.00141462	
0 	 0 	 0 	 0 	 0 	 0.00141813	
0 	 0 	 0 	 0 	 0 	 0.00139956	
0 	 0 	 0 	 0 	 0 	 0.00150314	
0 	 0 	 0 	 0 	 0 	 0.00159006	
0 	 0 	 0 	 0 	 0 	 0.00170303	
0 	 0 	 0 	 0 	 0 	 0.00168345	
0 	 0 	 0 	 0 	 0 	 0.00162142	
0 	 0 	 0 	 0 	 0 	 0.0016437	
0 	 0 	 0 	 0 	 0 	 0.00165395	
0 	 0 	 0 	 0 	 0 	 0.00161031	
0 	 0 	 0 	 0 	 0 	 0.00160482	
0 	 0 	 0 	 0 	 0 	 0.00172297	
0 	 0 	 0 	 0 	 0 	 0.00176788	
0 	 0 	 0 	 0 	 0 	 0.00173721	
0 	 0 	 0 	 0 	 0 	 0.00167019	
0 	 0 	 0 	 0 	 0 	 0.00175044	
0 	 0 	 0 	 0 	 0 	 0.00182361	
0 	 0 	 0 	 0 	 0 	 0.00168934	
0 	 0 	 0 	 0 	 0 	 0.00172498	
0 	 0 	 0 	 0 	 0 	 0.00174785	
0 	 0 	 0 	 0 	 0 	 0.00170868	
0 	 0 	 0 	 0 	 0 	 0.00178181	
0 	 0 	 0 	 0 	 0 	 0.00160342	
0 	 0 	 0 	 0 	 0 	 0.00165399	
0 	 0 	 0 	 0 	 0 	 0.00166495	
0 	 0 	 0 	 0 	 0 	 0.0017624	
0 	 0 	 0 	 0 	 0 	 0.00174812	
0 	 0 	 0 	 0 	 0 	 0.00134904	
0 	 0 	 0 	 0 	 0 	 0.00135053	
0 	 0 	 0 	 0 	 0 	 0.00135225	
0 	 0 	 0 	 0 	 0 	 0.00136263	
0 	 0 	 0 	 0 	 0 	 0.00136025	
0 	 0 	 0 	 0 	 0 	 0.00135364	
0 	 0 	 0 	 0 	 0 	 0.00135808	
0 	 0 	 0 	 0 	 0 	 0.00136234	
0 	 0 	 0 	 0 	 0 	 0.00130186	
0 	 0 	 0 	 0 	 0 	 0.00139802	
0 	 0 	 0 	 0 	 0 	 0.0013643	
0 	 0 	 0 	 0 	 0 	 0.00132886	
0 	 0 	 0 	 0 	 0 	 0.00134874	
0 	 0 	 0 	 0 	 0 	 0.00134738	
0 	 0 	 0 	 0 	 0 	 0.00136145	
0 	 0 	 0 	 0 	 0 	 0.00135769	
0 	 0 	 0 	 0 	 0 	 0.0013448	
0 	 0 	 0 	 0 	 0 	 0.00133551	
0 	 0 	 0 	 0 	 0 	 0.00135792	
0 	 0 	 0 	 0 	 0 	 0.00134726	
0 	 0 	 0 	 0 	 0 	 0.00135555	
0 	 0 	 0 	 0 	 0 	 0.00133155	
0 	 0 	 0 	 0 	 0 	 0.00133001	
0 	 0 	 0 	 0 	 0 	 0.0013463	
0 	 0 	 0 	 0 	 0 	 0.00140323	
0 	 0 	 0 	 0 	 0 	 0.00136822	
0 	 0 	 0 	 0 	 0 	 0.00147978	
0 	 0 	 0 	 0 	 0 	 0.00150314	
0 	 0 	 0 	 0 	 0 	 0.00149385	
0 	 0 	 0 	 0 	 0 	 0.00140968	
0 	 0 	 0 	 0 	 0 	 0.00150568	
0 	 0 	 0 	 0 	 0 	 0.00150401	
0 	 0 	 0 	 0 	 0 	 0.00146139	
0 	 0 	 0 	 0 	 0 	 0.00143055	
0 	 0 	 0 	 0 	 0 	 0.00149783	
0 	 0 	 0 	 0 	 0 	 0.00152673	
0 	 0 	 0 	 0 	 0 	 0.00167301	
0 	 0 	 0 	 0 	 0 	 0.00162197	
0 	 0 	 0 	 0 	 0 	 0.00170411	
0 	 0 	 0 	 0 	 0 	 0.00156013	
0 	 0 	 0 	 0 	 0 	 0.00156658	
0 	 0 	 0 	 0 	 0 	 0.00145699	
0 	 0 	 0 	 0 	 0 	 0.0015392	
0 	 0 	 0 	 0 	 0 	 0.00156781	
0 	 0 	 0 	 0 	 0 	 0.00151081	
0 	 0 	 0 	 0 	 0 	 0.00157318	
0 	 0 	 0 	 0 	 0 	 0.00173399	
0 	 0 	 0 	 0 	 0 	 0.00174071	
0 	 0 	 0 	 0 	 0 	 0.00159866	
0 	 0 	 0 	 0 	 0 	 0.00152084	
0 	 0 	 0 	 0 	 0 	 0.00135333	
0 	 0 	 0 	 0 	 0 	 0.00142451	
0 	 0 	 0 	 0 	 0 	 0.00134664	
0 	 0 	 0 	 0 	 0 	 0.00138496	
0 	 0 	 0 	 0 	 0 	 0.00137905	
0 	 0 	 0 	 0 	 0 	 0.00138727	
0 	 0 	 0 	 0 	 0 	 0.00140467	
0 	 0 	 0 	 0 	 0 	 0.00138593	
0 	 0 	 0 	 0 	 0 	 0.00136656	
0 	 0 	 0 	 0 	 0 	 0.00135951	
0 	 0 	 0 	 0 	 0 	 0.00136543	
0 	 0 	 0 	 0 	 0 	 0.0013828	
0 	 0 	 0 	 0 	 0 	 0.00138844	
0 	 0 	 0 	 0 	 0 	 0.00138119	
0 	 0 	 0 	 0 	 0 	 0.00138286	
0 	 0 	 0 	 0 	 0 	 0.00137806	
0 	 0 	 0 	 0 	 0 	 0.00137464	
0 	 0 	 0 	 0 	 0 	 0.0013822	
0 	 0 	 0 	 0 	 0 	 0.00139064	
0 	 0 	 0 	 0 	 0 	 0.00136711	
0 	 0 	 0 	 0 	 0 	 0.00137686	
0 	 0 	 0 	 0 	 0 	 0.00136518	
0 	 0 	 0 	 0 	 0 	 0.00137039	
0 	 0 	 0 	 0 	 0 	 0.00135487	
0 	 0 	 0 	 0 	 0 	 0.00140003	
0 	 0 	 0 	 0 	 0 	 0.00151196	
0 	 0 	 0 	 0 	 0 	 0.0016152	
0 	 0 	 0 	 0 	 0 	 0.00165399	
0 	 0 	 0 	 0 	 0 	 0.0016041	
0 	 0 	 0 	 0 	 0 	 0.00169187	
0 	 0 	 0 	 0 	 0 	 0.0018107	
0 	 0 	 0 	 0 	 0 	 0.00175673	
0 	 0 	 0 	 0 	 0 	 0.00181987	
0 	 0 	 0 	 0 	 0 	 0.00181152	
0 	 0 	 0 	 0 	 0 	 0.00167532	
0 	 0 	 0 	 0 	 0 	 0.00163162	
0 	 0 	 0 	 0 	 0 	 0.00158425	
0 	 0 	 0 	 0 	 0 	 0.00162589	
0 	 0 	 0 	 0 	 0 	 0.00156883	
0 	 0 	 0 	 0 	 0 	 0.0016768	
0 	 0 	 0 	 0 	 0 	 0.00178674	
0 	 0 	 0 	 0 	 0 	 0.00193255	
0 	 0 	 0 	 0 	 0 	 0.00177667	
0 	 0 	 0 	 0 	 0 	 0.00155641	
0 	 0 	 0 	 0 	 0 	 0.00164091	
0 	 0 	 0 	 0 	 0 	 0.00165551	
0 	 0 	 0 	 0 	 0 	 0.00172127	
0 	 0 	 0 	 0 	 0 	 0.00176083	
0 	 0 	 0 	 0 	 0 	 0.00165924	
0 	 0 	 0 	 0 	 0 	 0.001667	
0 	 0 	 0 	 0 	 0 	 0.00129354	
0 	 0 	 0 	 0 	 0 	 0.00130799	
0 	 0 	 0 	 0 	 0 	 0.00131661	
0 	 0 	 0 	 0 	 0 	 0.00132918	
0 	 0 	 0 	 0 	 0 	 0.00133769	
0 	 0 	 0 	 0 	 0 	 0.00134663	
0 	 0 	 0 	 0 	 0 	 0.0013375	
0 	 0 	 0 	 0 	 0 	 0.00134389	
0 	 0 	 0 	 0 	 0 	 0.0013147	
0 	 0 	 0 	 0 	 0 	 0.0013337	
0 	 0 	 0 	 0 	 0 	 0.00132194	
0 	 0 	 0 	 0 	 0 	 0.00132078	
0 	 0 	 0 	 0 	 0 	 0.00134216	
0 	 0 	 0 	 0 	 0 	 0.00135929	
0 	 0 	 0 	 0 	 0 	 0.00135697	
0 	 0 	 0 	 0 	 0 	 0.00133723	
0 	 0 	 0 	 0 	 0 	 0.00132702	
0 	 0 	 0 	 0 	 0 	 0.00130049	
0 	 0 	 0 	 0 	 0 	 0.00129839	
0 	 0 	 0 	 0 	 0 	 0.00130806	
0 	 0 	 0 	 0 	 0 	 0.00128676	
0 	 0 	 0 	 0 	 0 	 0.00132039	
0 	 0 	 0 	 0 	 0 	 0.00131091	
0 	 0 	 0 	 0 	 0 	 0.00128637	
0 	 0 	 0 	 0 	 0 	 0.00129872	
0 	 0 	 0 	 0 	 0 	 0.0013439	
0 	 0 	 0 	 0 	 0 	 0.00140246	
0 	 0 	 0 	 0 	 0 	 0.0014389	
0 	 0 	 0 	 0 	 0 	 0.00147494	
0 	 0 	 0 	 0 	 0 	 0.0015084	
0 	 0 	 0 	 0 	 0 	 0.0015145	
0 	 0 	 0 	 0 	 0 	 0.00149607	
0 	 0 	 0 	 0 	 0 	 0.0014651	
0 	 0 	 0 	 0 	 0 	 0.00142952	
0 	 0 	 0 	 0 	 0 	 0.00136225	
0 	 0 	 0 	 0 	 0 	 0.00148551	
0 	 0 	 0 	 0 	 0 	 0.00150696	
0 	 0 	 0 	 0 	 0 	 0.00165408	
0 	 0 	 0 	 0 	 0 	 0.00169068	
0 	 0 	 0 	 0 	 0 	 0.00160472	
0 	 0 	 0 	 0 	 0 	 0.00149134	
0 	 0 	 0 	 0 	 0 	 0.00160266	
0 	 0 	 0 	 0 	 0 	 0.00148777	
0 	 0 	 0 	 0 	 0 	 0.00149598	
0 	 0 	 0 	 0 	 0 	 0.00152358	
0 	 0 	 0 	 0 	 0 	 0.00155255	
0 	 0 	 0 	 0 	 0 	 0.00171976	
0 	 0 	 0 	 0 	 0 	 0.00161932	
0 	 0 	 0 	 0 	 0 	 0.00153973	
0 	 0 	 0 	 0 	 0 	 0.00164215	
0 	 0 	 0 	 0 	 0 	 0.00123152	
0 	 0 	 0 	 0 	 0 	 0.00124389	
0 	 0 	 0 	 0 	 0 	 0.00125577	
0 	 0 	 0 	 0 	 0 	 0.0012691	
0 	 0 	 0 	 0 	 0 	 0.00127524	
0 	 0 	 0 	 0 	 0 	 0.00126361	
0 	 0 	 0 	 0 	 0 	 0.00125387	
0 	 0 	 0 	 0 	 0 	 0.00126757	
0 	 0 	 0 	 0 	 0 	 0.00125832	
0 	 0 	 0 	 0 	 0 	 0.00125766	
0 	 0 	 0 	 0 	 0 	 0.00126136	
0 	 0 	 0 	 0 	 0 	 0.00125932	
0 	 0 	 0 	 0 	 0 	 0.00125141	
0 	 0 	 0 	 0 	 0 	 0.00124545	
0 	 0 	 0 	 0 	 0 	 0.00125469	
0 	 0 	 0 	 0 	 0 	 0.00125342	
0 	 0 	 0 	 0 	 0 	 0.0011717	
0 	 0 	 0 	 0 	 0 	 0.00127049	
0 	 0 	 0 	 0 	 0 	 0.00121206	
0 	 0 	 0 	 0 	 0 	 0.00123717	
0 	 0 	 0 	 0 	 0 	 0.0012458	
0 	 0 	 0 	 0 	 0 	 0.00126299	
0 	 0 	 0 	 0 	 0 	 0.0012534	
0 	 0 	 0 	 0 	 0 	 0.00122152	
0 	 0 	 0 	 0 	 0 	 0.00122904	
0 	 0 	 0 	 0 	 0 	 0.00129162	
0 	 0 	 0 	 0 	 0 	 0.00128103	
0 	 0 	 0 	 0 	 0 	 0.00132686	
0 	 0 	 0 	 0 	 0 	 0.0013583	
0 	 0 	 0 	 0 	 0 	 0.00138648	
0 	 0 	 0 	 0 	 0 	 0.00136543	
0 	 0 	 0 	 0 	 0 	 0.0013083	
0 	 0 	 0 	 0 	 0 	 0.00127238	
0 	 0 	 0 	 0 	 0 	 0.00129326	
0 	 0 	 0 	 0 	 0 	 0.00129345	
0 	 0 	 0 	 0 	 0 	 0.00126854	
0 	 0 	 0 	 0 	 0 	 0.00131046	
0 	 0 	 0 	 0 	 0 	 0.00140327	
0 	 0 	 0 	 0 	 0 	 0.00135312	
0 	 0 	 0 	 0 	 0 	 0.00132355	
0 	 0 	 0 	 0 	 0 	 0.00131628	
0 	 0 	 0 	 0 	 0 	 0.0012844	
0 	 0 	 0 	 0 	 0 	 0.00128239	
0 	 0 	 0 	 0 	 0 	 0.00125956	
0 	 0 	 0 	 0 	 0 	 0.00129744	
0 	 0 	 0 	 0 	 0 	 0.00133521	
0 	 0 	 0 	 0 	 0 	 0.00136924	
0 	 0 	 0 	 0 	 0 	 0.00136963	
0 	 0 	 0 	 0 	 0 	 0.00136677	
0 	 0 	 0 	 0 	 0 	 0.00133499	
0 	 0 	 0 	 0 	 0 	 0.0012698	
0 	 0 	 0 	 0 	 0 	 0.00125754	
0 	 0 	 0 	 0 	 0 	 0.0012837	
0 	 0 	 0 	 0 	 0 	 0.00132738	
0 	 0 	 0 	 0 	 0 	 0.00134347	
0 	 0 	 0 	 0 	 0 	 0.00136123	
0 	 0 	 0 	 0 	 0 	 0.00132245	
0 	 0 	 0 	 0 	 0 	 0.00130799	
0 	 0 	 0 	 0 	 0 	 0.0012834	
0 	 0 	 0 	 0 	 0 	 0.00126534	
0 	 0 	 0 	 0 	 0 	 0.00129136	
0 	 0 	 0 	 0 	 0 	 0.00130775	
0 	 0 	 0 	 0 	 0 	 0.0013222	
0 	 0 	 0 	 0 	 0 	 0.00130183	
0 	 0 	 0 	 0 	 0 	 0.00131807	
0 	 0 	 0 	 0 	 0 	 0.00128616	
0 	 0 	 0 	 0 	 0 	 0.00127718	
0 	 0 	 0 	 0 	 0 	 0.00127954	
0 	 0 	 0 	 0 	 0 	 0.00130158	
0 	 0 	 0 	 0 	 0 	 0.00133399	
0 	 0 	 0 	 0 	 0 	 0.00133163	
0 	 0 	 0 	 0 	 0 	 0.00129594	
0 	 0 	 0 	 0 	 0 	 0.00128794	
0 	 0 	 0 	 0 	 0 	 0.00131264	
0 	 0 	 0 	 0 	 0 	 0.00126849	
0 	 0 	 0 	 0 	 0 	 0.00127775	
0 	 0 	 0 	 0 	 0 	 0.00129036	
0 	 0 	 0 	 0 	 0 	 0.00131256	
0 	 0 	 0 	 0 	 0 	 0.00130488	
0 	 0 	 0 	 0 	 0 	 0.00129955	
0 	 0 	 0 	 0 	 0 	 0.00128573	
0 	 0 	 0 	 0 	 0 	 0.00129151	
0 	 0 	 0 	 0 	 0 	 0.00127894	
0 	 0 	 0 	 0 	 0 	 0.001261	
0 	 0 	 0 	 0 	 0 	 0.00126466	
0 	 0 	 0 	 0 	 0 	 0.00125801	
0 	 0 	 0 	 0 	 0 	 0.00129396	
0 	 0 	 0 	 0 	 0 	 0.00128814	
0 	 0 	 0 	 0 	 0 	 0.00127616	
0 	 0 	 0 	 0 	 0 	 0.00127599	
0 	 0 	 0 	 0 	 0 	 0.0012811	
0 	 0 	 0 	 0 	 0 	 0.00127475	
0 	 0 	 0 	 0 	 0 	 0.00126919	
0 	 0 	 0 	 0 	 0 	 0.00128922	
0 	 0 	 0 	 0 	 0 	 0.00129991	
0 	 0 	 0 	 0 	 0 	 0.00130508	
0 	 0 	 0 	 0 	 0 	 0.00127133	
0 	 0 	 0 	 0 	 0 	 0.00124624	
0 	 0 	 0 	 0 	 0 	 0.00124315	
0 	 0 	 0 	 0 	 0 	 0.00123373	
0 	 0 	 0 	 0 	 0 	 0.00133903	
0 	 0 	 0 	 0 	 0 	 0.00143273	
0 	 0 	 0 	 0 	 0 	 0.0014773	
0 	 0 	 0 	 0 	 0 	 0.00155096	
0 	 0 	 0 	 0 	 0 	 0.00147879	
0 	 0 	 0 	 0 	 0 	 0.00146062	
0 	 0 	 0 	 0 	 0 	 0.00139428	
0 	 0 	 0 	 0 	 0 	 0.00137143	
0 	 0 	 0 	 0 	 0 	 0.00138124	
0 	 0 	 0 	 0 	 0 	 0.00135547	
0 	 0 	 0 	 0 	 0 	 0.00132478	
0 	 0 	 0 	 0 	 0 	 0.00145727	
0 	 0 	 0 	 0 	 0 	 0.00157801	
0 	 0 	 0 	 0 	 0 	 0.00154364	
0 	 0 	 0 	 0 	 0 	 0.00163707	
0 	 0 	 0 	 0 	 0 	 0.00159389	
0 	 0 	 0 	 0 	 0 	 0.00152264	
0 	 0 	 0 	 0 	 0 	 0.00146424	
0 	 0 	 0 	 0 	 0 	 0.00148332	
0 	 0 	 0 	 0 	 0 	 0.00150246	
0 	 0 	 0 	 0 	 0 	 0.00151783	
0 	 0 	 0 	 0 	 0 	 0.00155756	
0 	 0 	 0 	 0 	 0 	 0.00155708	
0 	 0 	 0 	 0 	 0 	 0.00161987	
0 	 0 	 0 	 0 	 0 	 0.00158347	
0 	 0 	 0 	 0 	 0 	 0.00119031	
0 	 0 	 0 	 0 	 0 	 0.00121638	
0 	 0 	 0 	 0 	 0 	 0.00121706	
0 	 0 	 0 	 0 	 0 	 0.00122549	
0 	 0 	 0 	 0 	 0 	 0.00122423	
0 	 0 	 0 	 0 	 0 	 0.00122385	
0 	 0 	 0 	 0 	 0 	 0.00122487	
0 	 0 	 0 	 0 	 0 	 0.00121883	
0 	 0 	 0 	 0 	 0 	 0.00122759	
0 	 0 	 0 	 0 	 0 	 0.00122922	
0 	 0 	 0 	 0 	 0 	 0.00123155	
0 	 0 	 0 	 0 	 0 	 0.00123694	
0 	 0 	 0 	 0 	 0 	 0.00123162	
0 	 0 	 0 	 0 	 0 	 0.00120809	
0 	 0 	 0 	 0 	 0 	 0.0012068	
0 	 0 	 0 	 0 	 0 	 0.00119802	
0 	 0 	 0 	 0 	 0 	 0.00119353	
0 	 0 	 0 	 0 	 0 	 0.00119457	
0 	 0 	 0 	 0 	 0 	 0.00120419	
0 	 0 	 0 	 0 	 0 	 0.00122667	
0 	 0 	 0 	 0 	 0 	 0.00123165	
0 	 0 	 0 	 0 	 0 	 0.00121128	
0 	 0 	 0 	 0 	 0 	 0.00120434	
0 	 0 	 0 	 0 	 0 	 0.00119919	
0 	 0 	 0 	 0 	 0 	 0.00122485	
0 	 0 	 0 	 0 	 0 	 0.00123055	
0 	 0 	 0 	 0 	 0 	 0.00133767	
0 	 0 	 0 	 0 	 0 	 0.00129621	
0 	 0 	 0 	 0 	 0 	 0.00128958	
0 	 0 	 0 	 0 	 0 	 0.00130919	
0 	 0 	 0 	 0 	 0 	 0.00127618	
0 	 0 	 0 	 0 	 0 	 0.00126144	
0 	 0 	 0 	 0 	 0 	 0.00125387	
0 	 0 	 0 	 0 	 0 	 0.0012372	
0 	 0 	 0 	 0 	 0 	 0.00129603	
0 	 0 	 0 	 0 	 0 	 0.00138495	
0 	 0 	 0 	 0 	 0 	 0.00140682	
0 	 0 	 0 	 0 	 0 	 0.00131602	
0 	 0 	 0 	 0 	 0 	 0.00139145	
0 	 0 	 0 	 0 	 0 	 0.00134142	
0 	 0 	 0 	 0 	 0 	 0.0012797	
0 	 0 	 0 	 0 	 0 	 0.00124376	
0 	 0 	 0 	 0 	 0 	 0.00122837	
0 	 0 	 0 	 0 	 0 	 0.00128742	
0 	 0 	 0 	 0 	 0 	 0.00122478	
0 	 0 	 0 	 0 	 0 	 0.00138849	
0 	 0 	 0 	 0 	 0 	 0.0013693	
0 	 0 	 0 	 0 	 0 	 0.00132529	
0 	 0 	 0 	 0 	 0 	 0.00128361	
0 	 0 	 0 	 0 	 0 	 0.00128483	
0 	 0 	 0 	 0 	 0 	 0.00121475	
0 	 0 	 0 	 0 	 0 	 0.00123769	
0 	 0 	 0 	 0 	 0 	 0.00123715	
0 	 0 	 0 	 0 	 0 	 0.00122977	
0 	 0 	 0 	 0 	 0 	 0.00120429	
0 	 0 	 0 	 0 	 0 	 0.00120282	
0 	 0 	 0 	 0 	 0 	 0.0012232	
0 	 0 	 0 	 0 	 0 	 0.00120379	
0 	 0 	 0 	 0 	 0 	 0.0011972	
0 	 0 	 0 	 0 	 0 	 0.00120859	
0 	 0 	 0 	 0 	 0 	 0.00120474	
0 	 0 	 0 	 0 	 0 	 0.00120188	
0 	 0 	 0 	 0 	 0 	 0.00120892	
0 	 0 	 0 	 0 	 0 	 0.00119533	
0 	 0 	 0 	 0 	 0 	 0.00112756	
0 	 0 	 0 	 0 	 0 	 0.00122661	
0 	 0 	 0 	 0 	 0 	 0.00117669	
0 	 0 	 0 	 0 	 0 	 0.00119667	
0 	 0 	 0 	 0 	 0 	 0.00124467	
0 	 0 	 0 	 0 	 0 	 0.00123098	
0 	 0 	 0 	 0 	 0 	 0.00123534	
0 	 0 	 0 	 0 	 0 	 0.00121808	
0 	 0 	 0 	 0 	 0 	 0.00121072	
0 	 0 	 0 	 0 	 0 	 0.00121406	
0 	 0 	 0 	 0 	 0 	 0.00119248	
0 	 0 	 0 	 0 	 0 	 0.0012974	
0 	 0 	 0 	 0 	 0 	 0.0013227	
0 	 0 	 0 	 0 	 0 	 0.00144356	
0 	 0 	 0 	 0 	 0 	 0.00142417	
0 	 0 	 0 	 0 	 0 	 0.00143197	
0 	 0 	 0 	 0 	 0 	 0.00136857	
0 	 0 	 0 	 0 	 0 	 0.00141494	
0 	 0 	 0 	 0 	 0 	 0.00139661	
0 	 0 	 0 	 0 	 0 	 0.00135458	
0 	 0 	 0 	 0 	 0 	 0.00140926	
0 	 0 	 0 	 0 	 0 	 0.00143682	
0 	 0 	 0 	 0 	 0 	 0.0015942	
0 	 0 	 0 	 0 	 0 	 0.00138961	
0 	 0 	 0 	 0 	 0 	 0.00150285	
0 	 0 	 0 	 0 	 0 	 0.00141021	
0 	 0 	 0 	 0 	 0 	 0.00137884	
0 	 0 	 0 	 0 	 0 	 0.00135875	
0 	 0 	 0 	 0 	 0 	 0.00130347	
0 	 0 	 0 	 0 	 0 	 0.00140878	
0 	 0 	 0 	 0 	 0 	 0.00142147	
0 	 0 	 0 	 0 	 0 	 0.00145779	
0 	 0 	 0 	 0 	 0 	 0.00150258	
0 	 0 	 0 	 0 	 0 	 0.00157796	
0 	 0 	 0 	 0 	 0 	 0.00144716	
0 	 0 	 0 	 0 	 0 	 0.00146838	
0 	 0 	 0 	 0 	 0 	 0.00109838	
0 	 0 	 0 	 0 	 0 	 0.0011193	
0 	 0 	 0 	 0 	 0 	 0.00112572	
0 	 0 	 0 	 0 	 0 	 0.00112856	
0 	 0 	 0 	 0 	 0 	 0.00113395	
0 	 0 	 0 	 0 	 0 	 0.00113727	
0 	 0 	 0 	 0 	 0 	 0.00115136	
0 	 0 	 0 	 0 	 0 	 0.00114015	
0 	 0 	 0 	 0 	 0 	 0.00114076	
0 	 0 	 0 	 0 	 0 	 0.0011495	
0 	 0 	 0 	 0 	 0 	 0.00114175	
0 	 0 	 0 	 0 	 0 	 0.00114046	
0 	 0 	 0 	 0 	 0 	 0.00114777	
0 	 0 	 0 	 0 	 0 	 0.00113829	
0 	 0 	 0 	 0 	 0 	 0.00113671	
0 	 0 	 0 	 0 	 0 	 0.00113014	
0 	 0 	 0 	 0 	 0 	 0.00113039	
0 	 0 	 0 	 0 	 0 	 0.00114211	
0 	 0 	 0 	 0 	 0 	 0.0011474	
0 	 0 	 0 	 0 	 0 	 0.00114454	
0 	 0 	 0 	 0 	 0 	 0.00115235	
0 	 0 	 0 	 0 	 0 	 0.0011501	
0 	 0 	 0 	 0 	 0 	 0.00114551	
0 	 0 	 0 	 0 	 0 	 0.00114246	
0 	 0 	 0 	 0 	 0 	 0.00114146	
0 	 0 	 0 	 0 	 0 	 0.00118098	
0 	 0 	 0 	 0 	 0 	 0.00122446	
0 	 0 	 0 	 0 	 0 	 0.00120312	
0 	 0 	 0 	 0 	 0 	 0.00121473	
0 	 0 	 0 	 0 	 0 	 0.00120214	
0 	 0 	 0 	 0 	 0 	 0.00122116	
0 	 0 	 0 	 0 	 0 	 0.00123674	
0 	 0 	 0 	 0 	 0 	 0.00123508	
0 	 0 	 0 	 0 	 0 	 0.00124757	
0 	 0 	 0 	 0 	 0 	 0.00127771	
0 	 0 	 0 	 0 	 0 	 0.00126159	
0 	 0 	 0 	 0 	 0 	 0.00125959	
0 	 0 	 0 	 0 	 0 	 0.00126706	
0 	 0 	 0 	 0 	 0 	 0.00124553	
0 	 0 	 0 	 0 	 0 	 0.00127466	
0 	 0 	 0 	 0 	 0 	 0.00127422	
0 	 0 	 0 	 0 	 0 	 0.00128238	
0 	 0 	 0 	 0 	 0 	 0.00127092	
0 	 0 	 0 	 0 	 0 	 0.00127811	
0 	 0 	 0 	 0 	 0 	 0.00128104	
0 	 0 	 0 	 0 	 0 	 0.00123833	
0 	 0 	 0 	 0 	 0 	 0.00127345	
0 	 0 	 0 	 0 	 0 	 0.00128275	
0 	 0 	 0 	 0 	 0 	 0.00127356	
0 	 0 	 0 	 0 	 0 	 0.0012919	
0 	 0 	 0 	 0 	 0 	 0.00110543	
0 	 0 	 0 	 0 	 0 	 0.00112354	
0 	 0 	 0 	 0 	 0 	 0.00112723	
0 	 0 	 0 	 0 	 0 	 0.00115135	
0 	 0 	 0 	 0 	 0 	 0.00114189	
0 	 0 	 0 	 0 	 0 	 0.00114458	
0 	 0 	 0 	 0 	 0 	 0.00114625	
0 	 0 	 0 	 0 	 0 	 0.00115564	
0 	 0 	 0 	 0 	 0 	 0.0011531	
0 	 0 	 0 	 0 	 0 	 0.0011597	
0 	 0 	 0 	 0 	 0 	 0.00115414	
0 	 0 	 0 	 0 	 0 	 0.00116772	
0 	 0 	 0 	 0 	 0 	 0.00114673	
0 	 0 	 0 	 0 	 0 	 0.00116579	
0 	 0 	 0 	 0 	 0 	 0.00114646	
0 	 0 	 0 	 0 	 0 	 0.00115496	
0 	 0 	 0 	 0 	 0 	 0.00114945	
0 	 0 	 0 	 0 	 0 	 0.00115553	
0 	 0 	 0 	 0 	 0 	 0.00116403	
0 	 0 	 0 	 0 	 0 	 0.00115889	
0 	 0 	 0 	 0 	 0 	 0.00116377	
0 	 0 	 0 	 0 	 0 	 0.00115107	
0 	 0 	 0 	 0 	 0 	 0.00114085	
0 	 0 	 0 	 0 	 0 	 0.00114854	
0 	 0 	 0 	 0 	 0 	 0.00114493	
0 	 0 	 0 	 0 	 0 	 0.00122511	
0 	 0 	 0 	 0 	 0 	 0.00129126	
0 	 0 	 0 	 0 	 0 	 0.00134108	
0 	 0 	 0 	 0 	 0 	 0.00131034	
0 	 0 	 0 	 0 	 0 	 0.00131297	
0 	 0 	 0 	 0 	 0 	 0.0013786	
0 	 0 	 0 	 0 	 0 	 0.00134859	
0 	 0 	 0 	 0 	 0 	 0.00133285	
0 	 0 	 0 	 0 	 0 	 0.00151312	
0 	 0 	 0 	 0 	 0 	 0.00147597	
0 	 0 	 0 	 0 	 0 	 0.00145969	
0 	 0 	 0 	 0 	 0 	 0.00146199	
0 	 0 	 0 	 0 	 0 	 0.00148038	
0 	 0 	 0 	 0 	 0 	 0.00156124	
0 	 0 	 0 	 0 	 0 	 0.00150738	
0 	 0 	 0 	 0 	 0 	 0.00143415	
0 	 0 	 0 	 0 	 0 	 0.00148938	
0 	 0 	 0 	 0 	 0 	 0.00152626	
0 	 0 	 0 	 0 	 0 	 0.00149126	
0 	 0 	 0 	 0 	 0 	 0.00146769	
0 	 0 	 0 	 0 	 0 	 0.00145239	
0 	 0 	 0 	 0 	 0 	 0.00151513	
0 	 0 	 0 	 0 	 0 	 0.00146608	
0 	 0 	 0 	 0 	 0 	 0.00150048	
0 	 0 	 0 	 0 	 0 	 0.00152143	
0 	 0 	 0 	 0 	 0 	 0.00109216	
0 	 0 	 0 	 0 	 0 	 0.00109628	
0 	 0 	 0 	 0 	 0 	 0.00109611	
0 	 0 	 0 	 0 	 0 	 0.00109843	
0 	 0 	 0 	 0 	 0 	 0.00109652	
0 	 0 	 0 	 0 	 0 	 0.00109412	
0 	 0 	 0 	 0 	 0 	 0.00109633	
0 	 0 	 0 	 0 	 0 	 0.00107149	
0 	 0 	 0 	 0 	 0 	 0.00109901	
0 	 0 	 0 	 0 	 0 	 0.0010854	
0 	 0 	 0 	 0 	 0 	 0.00109033	
0 	 0 	 0 	 0 	 0 	 0.00110032	
0 	 0 	 0 	 0 	 0 	 0.00109649	
0 	 0 	 0 	 0 	 0 	 0.00110366	
0 	 0 	 0 	 0 	 0 	 0.00110133	
0 	 0 	 0 	 0 	 0 	 0.00109962	
0 	 0 	 0 	 0 	 0 	 0.00110583	
0 	 0 	 0 	 0 	 0 	 0.00108242	
0 	 0 	 0 	 0 	 0 	 0.00109099	
0 	 0 	 0 	 0 	 0 	 0.00109019	
0 	 0 	 0 	 0 	 0 	 0.00109358	
0 	 0 	 0 	 0 	 0 	 0.0010973	
0 	 0 	 0 	 0 	 0 	 0.00110169	
0 	 0 	 0 	 0 	 0 	 0.00110044	
0 	 0 	 0 	 0 	 0 	 0.00112083	
0 	 0 	 0 	 0 	 0 	 0.00113488	
0 	 0 	 0 	 0 	 0 	 0.00115177	
0 	 0 	 0 	 0 	 0 	 0.00113865	
0 	 0 	 0 	 0 	 0 	 0.00113611	
0 	 0 	 0 	 0 	 0 	 0.00113753	
0 	 0 	 0 	 0 	 0 	 0.00114414	
0 	 0 	 0 	 0 	 0 	 0.00114686	
0 	 0 	 0 	 0 	 0 	 0.00115106	
0 	 0 	 0 	 0 	 0 	 0.00116449	
0 	 0 	 0 	 0 	 0 	 0.00116159	
0 	 0 	 0 	 0 	 0 	 0.00117094	
0 	 0 	 0 	 0 	 0 	 0.0011667	
0 	 0 	 0 	 0 	 0 	 0.00116651	
0 	 0 	 0 	 0 	 0 	 0.00116925	
0 	 0 	 0 	 0 	 0 	 0.00116924	
0 	 0 	 0 	 0 	 0 	 0.00117565	
0 	 0 	 0 	 0 	 0 	 0.00116583	
0 	 0 	 0 	 0 	 0 	 0.00117142	
0 	 0 	 0 	 0 	 0 	 0.00117133	
0 	 0 	 0 	 0 	 0 	 0.00116464	
0 	 0 	 0 	 0 	 0 	 0.00119	
0 	 0 	 0 	 0 	 0 	 0.00116919	
0 	 0 	 0 	 0 	 0 	 0.00118117	
0 	 0 	 0 	 0 	 0 	 0.00117316	
0 	 0 	 0 	 0 	 0 	 0.00117999	
0 	 0 	 0 	 0 	 0 	 0.0011083	
0 	 0 	 0 	 0 	 0 	 0.00110266	
0 	 0 	 0 	 0 	 0 	 0.00110357	
0 	 0 	 0 	 0 	 0 	 0.00110396	
0 	 0 	 0 	 0 	 0 	 0.0011097	
0 	 0 	 0 	 0 	 0 	 0.00111057	
0 	 0 	 0 	 0 	 0 	 0.00110162	
0 	 0 	 0 	 0 	 0 	 0.00112238	
0 	 0 	 0 	 0 	 0 	 0.00111685	
0 	 0 	 0 	 0 	 0 	 0.00111018	
0 	 0 	 0 	 0 	 0 	 0.00111374	
0 	 0 	 0 	 0 	 0 	 0.0011198	
0 	 0 	 0 	 0 	 0 	 0.00111757	
0 	 0 	 0 	 0 	 0 	 0.00111352	
0 	 0 	 0 	 0 	 0 	 0.00111857	
0 	 0 	 0 	 0 	 0 	 0.00111995	
0 	 0 	 0 	 0 	 0 	 0.00111372	
0 	 0 	 0 	 0 	 0 	 0.00111187	
0 	 0 	 0 	 0 	 0 	 0.00112459	
0 	 0 	 0 	 0 	 0 	 0.00112846	
0 	 0 	 0 	 0 	 0 	 0.00114918	
0 	 0 	 0 	 0 	 0 	 0.00110661	
0 	 0 	 0 	 0 	 0 	 0.00112816	
0 	 0 	 0 	 0 	 0 	 0.00113046	
0 	 0 	 0 	 0 	 0 	 0.00112686	
0 	 0 	 0 	 0 	 0 	 0.00121854	
0 	 0 	 0 	 0 	 0 	 0.00125188	
0 	 0 	 0 	 0 	 0 	 0.00127518	
0 	 0 	 0 	 0 	 0 	 0.00128023	
0 	 0 	 0 	 0 	 0 	 0.00131084	
0 	 0 	 0 	 0 	 0 	 0.00140685	
0 	 0 	 0 	 0 	 0 	 0.00134829	
0 	 0 	 0 	 0 	 0 	 0.0013822	
0 	 0 	 0 	 0 	 0 	 0.00143973	
0 	 0 	 0 	 0 	 0 	 0.00141754	
0 	 0 	 0 	 0 	 0 	 0.00139725	
0 	 0 	 0 	 0 	 0 	 0.00146004	
0 	 0 	 0 	 0 	 0 	 0.00141226	
0 	 0 	 0 	 0 	 0 	 0.00143696	
0 	 0 	 0 	 0 	 0 	 0.00149743	
0 	 0 	 0 	 0 	 0 	 0.00137996	
0 	 0 	 0 	 0 	 0 	 0.00149682	
0 	 0 	 0 	 0 	 0 	 0.00145536	
0 	 0 	 0 	 0 	 0 	 0.00144802	
0 	 0 	 0 	 0 	 0 	 0.00147999	
0 	 0 	 0 	 0 	 0 	 0.00137947	
0 	 0 	 0 	 0 	 0 	 0.00145192	
0 	 0 	 0 	 0 	 0 	 0.00147517	
0 	 0 	 0 	 0 	 0 	 0.00145997	
0 	 0 	 0 	 0 	 0 	 0.00149465	
