AgentState_t	AgentState_x0	AgentState_u0	AgentState_v0	Cost	Debug_Cost
0	0.498893	0	0 	 0	0	
0.1	0.500492	0	0 	 0	0	
0.2	0.506748	0	0 	 0	0	
0.3	0.516035	0	0 	 0	0	
0.4	0.527357	0	0 	 0	0	
0.5	0.540278	0	0 	 0	0	
0.6	0.554541	0	0 	 0	0	
0.7	0.569966	0	0 	 0	0	
0.8	0.586425	0	0 	 0	0	
0.9	0.603816	0	0 	 0	0	
1	0.622058	0	0 	 0	0	
1.1	0.641084	0	0 	 0	0	
1.2	0.660838	0	0 	 0	0	
1.3	0.681272	0	0 	 0	0	
1.4	0.702344	0	0 	 0	0	
1.5	0.724017	0	0 	 0	0	
1.6	0.746259	0	0 	 0	0	
1.7	0.768889	0	0 	 0	0	
1.8	0.791558	0	0 	 0	0	
1.9	0.813892	0	0 	 0	0	
2	0.835676	0	0 	 0	0	
2.1	0.856979	0	0 	 0	0	
2.2	0.877982	0	0 	 0	0	
2.3	0.898729	0	0 	 0	0	
2.4	0.919162	0	0 	 0	0	
2.5	0.93926	0	0 	 0	0	
2.6	0.959045	0	0 	 0	0	
2.7	0.978557	0	0 	 0	0	
2.8	0.997824	0	0 	 0	0	
2.9	1.01685	0	0 	 0	0	
3	1.03564	0	0 	 0	0	
3.1	1.0542	0	0 	 0	0	
3.2	1.07255	0	0 	 0	0	
3.3	1.09069	0	0 	 0	0	
3.4	1.10864	0	0 	 0	0	
3.5	1.12639	0	0 	 0	0	
3.6	1.14395	0	0 	 0	0	
3.7	1.16133	0	0 	 0	0	
3.8	1.17854	0	0 	 0	0	
3.9	1.19557	0	0 	 0	0	
4	1.21243	0	0 	 0	0	
4.1	1.22913	0	0 	 0	0	
4.2	1.24568	0	0 	 0	0	
4.3	1.26208	0	0 	 0	0	
4.4	1.27832	0	0 	 0	0	
4.5	1.29443	0	0 	 0	0	
4.6	1.31039	0	0 	 0	0	
4.7	1.32622	0	0 	 0	0	
4.8	1.34191	0	0 	 0	0	
4.9	1.35747	0	0 	 0	0	
5	1.3729	0	0 	 0	0	
5.1	1.38821	0	0 	 0	0	
5.2	1.40339	0	0 	 0	0	
5.3	1.41845	0	0 	 0	0	
5.4	1.43339	0	0 	 0	0	
5.5	1.44822	0	0 	 0	0	
5.6	1.46293	0	0 	 0	0	
5.7	1.47753	0	0 	 0	0	
5.8	1.49202	0	0 	 0	0	
5.9	1.5064	0	0 	 0	0	
6	1.52067	0	0 	 0	0	
6.1	1.53484	0	0 	 0	0	
6.2	1.5489	0	0 	 0	0	
6.3	1.56285	0	0 	 0	0	
6.4	1.57671	0	0 	 0	0	
6.5	1.59047	0	0 	 0	0	
6.6	1.60412	0	0 	 0	0	
6.7	1.61768	0	0 	 0	0	
6.8	1.63114	0	0 	 0	0	
6.9	1.64451	0	0 	 0	0	
7	1.65778	0	0 	 0	0	
7.1	1.67096	0	0 	 0	0	
7.2	1.68404	0	0 	 0	0	
7.3	1.69703	0	0 	 0	0	
7.4	1.70993	0	0 	 0	0	
7.5	1.72274	0	0 	 0	0	
7.6	1.73546	0	0 	 0	0	
7.7	1.74809	0	0 	 0	0	
7.8	1.76063	0	0 	 0	0	
7.9	1.77309	0	0 	 0	0	
8	1.78545	0	0 	 0	0	
8.1	1.79774	0	0 	 0	0	
8.2	1.80993	0	0 	 0	0	
8.3	1.82204	0	0 	 0	0	
8.4	1.83407	0	0 	 0	0	
8.5	1.84601	0	0 	 0	0	
8.6	1.85786	0	0 	 0	0	
8.7	1.86963	0	0 	 0	0	
8.8	1.88132	0	0 	 0	0	
8.9	1.89292	0	0 	 0	0	
9	1.90445	0	0 	 0	0	
9.1	1.91589	0	0 	 0	0	
9.2	1.92726	0	0 	 0	0	
9.3	1.93858	0	0 	 0	0	
9.4	1.94978	0	0 	 0	0	
9.5	1.96083	0	0 	 0	0	
9.6	1.97172	0	0 	 0	0	
9.7	1.98234	0	0 	 0	0	
9.8	1.99253	0	0 	 0	0	
9.9	2.00218	0	0 	 0	0	
10	2.01131	0	0 	 0	0	
10.1	2.01992	0	0 	 0	0	
10.2	2.02801	0	0 	 0	0	
10.3	2.03561	0	0 	 0	0	
10.4	2.04272	0	0 	 0	0	
10.5	2.04936	0	0 	 0	0	
10.6	2.05552	0	0 	 0	0	
10.7	2.06123	0	0 	 0	0	
10.8	2.0665	0	0 	 0	0	
10.9	2.07133	0	0 	 0	0	
11	2.07573	0	0 	 0	0	
11.1	2.07971	0	0 	 0	0	
11.2	2.08328	0	0 	 0	0	
11.3	2.08646	0	0 	 0	0	
11.4	2.08924	0	0 	 0	0	
11.5	2.09165	0	0 	 0	0	
11.6	2.09369	0	0 	 0	0	
11.7	2.09537	0	0 	 0	0	
11.8	2.09669	0	0 	 0	0	
11.9	2.09768	0	0 	 0	0	
12	2.09833	0	0 	 0	0	
12.1	2.09867	0	0 	 0	0	
12.2	2.0987	0	0 	 0	0	
12.3	2.09843	0	0 	 0	0	
12.4	2.09787	0	0 	 0	0	
12.5	2.09704	0	0 	 0	0	
12.6	2.09595	0	0 	 0	0	
12.7	2.09461	0	0 	 0	0	
12.8	2.09304	0	0 	 0	0	
12.9	2.09126	0	0 	 0	0	
13	2.08927	0	0 	 0	0	
13.1	2.0871	0	0 	 0	0	
13.2	2.08477	0	0 	 0	0	
13.3	2.08229	0	0 	 0	0	
13.4	2.07969	0	0 	 0	0	
13.5	2.07699	0	0 	 0	0	
13.6	2.07421	0	0 	 0	0	
13.7	2.07137	0	0 	 0	0	
13.8	2.06852	0	0 	 0	0	
13.9	2.0658	0	0 	 0	0	
14	2.0633	0	0 	 0	0	
14.1	2.0609	0	0 	 0	0	
14.2	2.05857	0	0 	 0	0	
14.3	2.05642	0	0 	 0	0	
14.4	2.05452	0	0 	 0	0	
14.5	2.05293	0	0 	 0	0	
14.6	2.05161	0	0 	 0	0	
14.7	2.05055	0	0 	 0	0	
14.8	2.04972	0	0 	 0	0	
14.9	2.04908	0	0 	 0	0	
15	2.04861	0	0 	 0	0	
15.1	2.04829	0	0 	 0	0	
15.2	2.04809	0	0 	 0	0	
15.3	2.04797	0	0 	 0	0	
15.4	2.04793	0	0 	 0	0	
15.5	2.04793	0	0 	 0	0	
15.6	2.04797	0	0 	 0	0	
15.7	2.04804	0	0 	 0	0	
15.8	2.04813	0	0 	 0	0	
15.9	2.04826	0	0 	 0	0	
16	2.04841	0	0 	 0	0	
16.1	2.04858	0	0 	 0	0	
16.2	2.04877	0	0 	 0	0	
16.3	2.04896	0	0 	 0	0	
16.4	2.04917	0	0 	 0	0	
16.5	2.04938	0	0 	 0	0	
16.6	2.0496	0	0 	 0	0	
16.7	2.04982	0	0 	 0	0	
16.8	2.05005	0	0 	 0	0	
16.9	2.05027	0	0 	 0	0	
17	2.05048	0	0 	 0	0	
17.1	2.05068	0	0 	 0	0	
17.2	2.05087	0	0 	 0	0	
17.3	2.05104	0	0 	 0	0	
17.4	2.0512	0	0 	 0	0	
17.5	2.05134	0	0 	 0	0	
17.6	2.05147	0	0 	 0	0	
17.7	2.05158	0	0 	 0	0	
17.8	2.05167	0	0 	 0	0	
17.9	2.05175	0	0 	 0	0	
18	2.05181	0	0 	 0	0	
18.1	2.05185	0	0 	 0	0	
18.2	2.05187	0	0 	 0	0	
18.3	2.05186	0	0 	 0	0	
18.4	2.05183	0	0 	 0	0	
18.5	2.05178	0	0 	 0	0	
18.6	2.0517	0	0 	 0	0	
18.7	2.0516	0	0 	 0	0	
18.8	2.05149	0	0 	 0	0	
18.9	2.05137	0	0 	 0	0	
19	2.05125	0	0 	 0	0	
19.1	2.05112	0	0 	 0	0	
19.2	2.05098	0	0 	 0	0	
19.3	2.05083	0	0 	 0	0	
19.4	2.05069	0	0 	 0	0	
19.5	2.05055	0	0 	 0	0	
19.6	2.05042	0	0 	 0	0	
19.7	2.0503	0	0 	 0	0	
19.8	2.0502	0	0 	 0	0	
19.9	2.05013	0	0 	 0	0	
20	2.05008	0	0 	 0	0	
20.1	2.05005	0	0 	 0	0	
20.2	2.05004	0	0 	 0	0	
20.3	2.05006	0	0 	 0	0	
20.4	2.05009	0	0 	 0	0	
20.5	2.05014	0	0 	 0	0	
20.6	2.05021	0	0 	 0	0	
20.7	2.05028	0	0 	 0	0	
20.8	2.05035	0	0 	 0	0	
20.9	2.05043	0	0 	 0	0	
21	2.05051	0	0 	 0	0	
21.1	2.05058	0	0 	 0	0	
21.2	2.05065	0	0 	 0	0	
21.3	2.05071	0	0 	 0	0	
21.4	2.05076	0	0 	 0	0	
21.5	2.05082	0	0 	 0	0	
21.6	2.05086	0	0 	 0	0	
21.7	2.0509	0	0 	 0	0	
21.8	2.05092	0	0 	 0	0	
21.9	2.05094	0	0 	 0	0	
22	2.05096	0	0 	 0	0	
22.1	2.05096	0	0 	 0	0	
22.2	2.05097	0	0 	 0	0	
22.3	2.05097	0	0 	 0	0	
22.4	2.05098	0	0 	 0	0	
22.5	2.05099	0	0 	 0	0	
22.6	2.051	0	0 	 0	0	
22.7	2.05101	0	0 	 0	0	
22.8	2.05103	0	0 	 0	0	
22.9	2.05105	0	0 	 0	0	
23	2.05108	0	0 	 0	0	
23.1	2.0511	0	0 	 0	0	
23.2	2.0511	0	0 	 0	0	
23.3	2.05109	0	0 	 0	0	
23.4	2.05104	0	0 	 0	0	
23.5	2.05095	0	0 	 0	0	
23.6	2.05082	0	0 	 0	0	
23.7	2.05068	0	0 	 0	0	
23.8	2.05053	0	0 	 0	0	
23.9	2.05039	0	0 	 0	0	
24	2.05028	0	0 	 0	0	
24.1	2.0502	0	0 	 0	0	
24.2	2.05014	0	0 	 0	0	
24.3	2.05011	0	0 	 0	0	
24.4	2.0501	0	0 	 0	0	
24.5	2.05012	0	0 	 0	0	
24.6	2.05016	0	0 	 0	0	
24.7	2.05021	0	0 	 0	0	
24.8	2.05028	0	0 	 0	0	
24.9	2.05036	0	0 	 0	0	
25	2.05045	0	0 	 0	0	
0 	 0 	 0 	 0 	 0 	 0	
0 	 0 	 0 	 0 	 0 	 0	
0 	 0 	 0 	 0 	 0 	 0	
0 	 0 	 0 	 0 	 0 	 0	
0 	 0 	 0 	 0 	 0 	 0	
0 	 0 	 0 	 0 	 0 	 0	
0 	 0 	 0 	 0 	 0 	 0	
0 	 0 	 0 	 0 	 0 	 0	
0 	 0 	 0 	 0 	 0 	 0	
0 	 0 	 0 	 0 	 0 	 0	
0 	 0 	 0 	 0 	 0 	 0	
0 	 0 	 0 	 0 	 0 	 0	
0 	 0 	 0 	 0 	 0 	 0	
0 	 0 	 0 	 0 	 0 	 0	
0 	 0 	 0 	 0 	 0 	 0	
0 	 0 	 0 	 0 	 0 	 0	
0 	 0 	 0 	 0 	 0 	 0	
0 	 0 	 0 	 0 	 0 	 0	
