AgentState_t	AgentState_x0	AgentState_u0	AgentState_v0	Cost	Debug_Cost
0	0.5	0	0 	 0.00110726	0	
0.1	0.595251	0.102847	0 	 0.00730821	4.28434e-05	
0.2	0.776779	0.2	0 	 0.00788879	1.55247e-05	
0.3	0.950597	0.2	0 	 0.00758574	2.52226e-06	
0.4	1.11891	0.2	0 	 0.00724045	9.80559e-06	
0.5	1.28276	0.2	0 	 0.00684181	4.84715e-05	
0.6	1.44277	0.2	0 	 0.00620121	0.00472561	
0.7	1.59941	0.2	0 	 0.00575637	0.00474083	
0.8	1.753	0.2	0 	 0.00533775	0.00331953	
0.9	1.90381	0.2	0 	 0.00514624	0.00110726	
1	2.05205	0.2	0 	 0.004867	0.00129849	
1.1	2.19792	0.2	0 	 0.00447917	0.00533057	
1.2	2.34156	0.2	0 	 0.00403794	0.00694174	
1.3	2.48311	0.2	0 	 0.0037542	0.00726809	
1.4	2.62268	0.2	0 	 0.00345152	0.00730821	
1.5	2.76038	0.2	0 	 0.00303051	0.00760695	
1.6	2.89629	0.2	0 	 0.00267556	0.00776819	
1.7	2.98985	0.159045	0 	 0.00215014	0.00801883	
1.8	3.03054	0.106837	0 	 0.00177051	0.00788879	
1.9	3.01769	0.0531649	0 	 0.00154921	0.00758574	
2	2.99115	0.038851	0 	 0.00149282	0.00724045	
2.1	2.98865	0.0623446	0 	 0.00154971	0.00684181	
2.2	3.00417	0.0801433	0 	 0.00158702	0.00637583	
2.3	3.00895	0.0692432	0 	 0.00155363	0.00614155	
2.4	3.00443	0.0596361	0 	 0.00153078	0.00620121	
2.5	2.99956	0.0588992	0 	 0.00152613	0.00575637	
2.6	2.99666	0.060496	0 	 0.00153281	0.00533775	
2.7	2.99824	0.0646661	0 	 0.00153057	0.00514624	
2.8	2.9998	0.0643719	0 	 0.00150084	0.004867	
2.9	3.00001	0.0627303	0 	 0.00151101	0.00447917	
3	2.99896	0.0611765	0 	 0.00149714	0.00403794	
3.1	2.99897	0.0619215	0 	 0.00148688	0.0037542	
3.2	3.00015	0.0628115	0 	 0.00146382	0.00345152	
3.3	3.00139	0.0626034	0 	 0.00145489	0.00303051	
3.4	3.00086	0.0605405	0 	 0.00145017	0.00267556	
3.5	3.00017	0.0600915	0 	 0.00142994	0.00215014	
3.6	3.00017	0.0604868	0 	 0.00143379	0.00177051	
3.7	3.00054	0.0605826	0 	 0.00141509	0.00154921	
3.8	3.00089	0.0602766	0 	 0.00140696	0.00149282	
3.9	3.00016	0.0589233	0 	 0.00138538	0.00154971	
4	2.99945	0.0586471	0 	 0.00137244	0.00158702	
4.1	2.99979	0.0594126	0 	 0.00137646	0.00155363	
4.2	3.00017	0.0591879	0 	 0.0013576	0.00153078	
4.3	3.00016	0.0585175	0 	 0.0013539	0.00152613	
4.4	3.00019	0.0582897	0 	 0.00134568	0.00153281	
4.5	2.99984	0.0576288	0 	 0.00134624	0.00153057	
4.6	3.00016	0.0580282	0 	 0.00132602	0.00150084	
4.7	3.00033	0.0576201	0 	 0.00131795	0.00151101	
4.8	3.00038	0.0572251	0 	 0.00130663	0.00149714	
4.9	3.00011	0.0566357	0 	 0.00129845	0.00148688	
5	2.99991	0.0564282	0 	 0.00128843	0.00146382	
5.1	2.99992	0.056372	0 	 0.0012802	0.00145489	
5.2	2.99994	0.0561188	0 	 0.00126139	0.00145017	
5.3	3	0.0558951	0 	 0.00124422	0.00142994	
5.4	3.00029	0.0558631	0 	 0.00123551	0.00143379	
5.5	3.0003	0.0553263	0 	 0.00122639	0.00141509	
5.6	3.00023	0.0549834	0 	 0.00121945	0.00140696	
5.7	3.00026	0.0548144	0 	 0.00120312	0.00138538	
5.8	3.00007	0.0543333	0 	 0.00119043	0.00137244	
5.9	2.99992	0.0541132	0 	 0.00116692	0.00137646	
6	3.00002	0.0540975	0 	 0.00115348	0.0013576	
6.1	3.0001	0.0538274	0 	 0.00115253	0.0013539	
6.2	3.00009	0.0534775	0 	 0.00114565	0.00134568	
6.3	2.99993	0.0530645	0 	 0.00112782	0.00134624	
6.4	3.00017	0.0532171	0 	 0.00112372	0.00132602	
6.5	3.00022	0.0527662	0 	 0.00111245	0.00131795	
6.6	3.00008	0.0523242	0 	 0.00110144	0.00130663	
6.7	2.99997	0.052092	0 	 0.00108371	0.00129845	
6.8	3.00004	0.0520239	0 	 0.0010665	0.00128843	
6.9	3.00009	0.0517463	0 	 0.00106321	0.0012802	
7	3.00007	0.0514151	0 	 0.00104621	0.00126139	
7.1	2.99997	0.0510977	0 	 0.00103174	0.00124422	
7.2	2.99999	0.0509548	0 	 0.00102079	0.00123551	
7.3	2.99999	0.0506836	0 	 0.00100165	0.00122639	
7.4	3.00002	0.0504586	0 	 0.000985738	0.00121945	
7.5	3.00006	0.0502246	0 	 0.000968269	0.00120312	
7.6	2.99997	0.049847	0 	 0.00094662	0.00119043	
7.7	3.00005	0.0497658	0 	 0.000922507	0.00116692	
7.8	3.00001	0.0493945	0 	 0.000898792	0.00115348	
7.9	2.99999	0.0491633	0 	 0.000866029	0.00115253	
8	2.99995	0.0488997	0 	 0.000820915	0.00114565	
8.1	3.00005	0.0487834	0 	 0.000768506	0.00112782	
8.2	3.0004	0.0488067	0 	 0.000706345	0.00112372	
8.3	2.99983	0.0476263	0 	 0.000638183	0.00111245	
8.4	3.00014	0.0482569	0 	 0.000587539	0.00110144	
8.5	3.00015	0.0477217	0 	 0.000528908	0.00108371	
8.6	2.99917	0.0464684	0 	 0.00045952	0.0010665	
8.7	2.99935	0.0473748	0 	 0.000409753	0.00106321	
8.8	2.99974	0.0473513	0 	 0.000345145	0.00104621	
8.9	3.00036	0.0473462	0 	 0.000293683	0.00103174	
9	2.99973	0.0458498	0 	 0.000246215	0.00102079	
9.1	2.99899	0.0454921	0 	 0.000211392	0.00100165	
9.2	3.002	0.0490123	0 	 0.0001825	0.000985738	
9.3	3.00513	0.0489622	0 	 0.000153246	0.000968269	
9.4	2.99554	0.035929	0 	 0.000102526	0.00094662	
9.5	2.99078	0.0403656	0 	 9.39773e-05	0.000922507	
9.6	2.98138	0.0353235	0 	 7.67191e-05	0.000898792	
9.7	2.95505	0.0177604	0 	 4.65745e-05	0.000866029	
9.8	2.9159	0.00396582	0 	 3.38757e-05	0.000820915	
9.9	2.87395	0	0 	 3.43281e-05	0.000768506	
10	2.8332	0	0 	 3.59373e-05	0.000706345	
10.1	2.79366	0	0 	 3.57316e-05	0.000638183	
10.2	2.7553	0	0 	 3.0128e-05	0.000587539	
10.3	2.71813	0	0 	 2.84338e-05	0.000528908	
10.4	2.68213	0	0 	 2.89906e-05	0.00045952	
10.5	2.64731	0	0 	 2.70041e-05	0.000409753	
10.6	2.61365	0	0 	 2.31076e-05	0.000345145	
10.7	2.58115	0	0 	 2.12523e-05	0.000293683	
10.8	2.54979	0	0 	 2.22769e-05	0.000246215	
10.9	2.51958	0	0 	 1.96777e-05	0.000211392	
11	2.4905	0	0 	 1.80742e-05	0.0001825	
11.1	2.46255	0	0 	 1.95407e-05	0.000153246	
11.2	2.43571	0	0 	 2.1407e-05	0.000102526	
11.3	2.40998	0	0 	 2.1682e-05	9.39773e-05	
11.4	2.38535	0	0 	 2.27996e-05	7.67191e-05	
11.5	2.3618	0	0 	 2.26081e-05	4.65745e-05	
11.6	2.33933	0	0 	 2.29737e-05	3.38757e-05	
11.7	2.31793	0	0 	 2.29407e-05	3.43281e-05	
11.8	2.29757	0	0 	 2.28192e-05	3.59373e-05	
11.9	2.27825	0	0 	 2.37155e-05	3.57316e-05	
12	2.25995	0	0 	 2.44209e-05	3.0128e-05	
12.1	2.24267	0	0 	 2.47058e-05	2.84338e-05	
12.2	2.22637	0	0 	 2.54322e-05	2.89906e-05	
12.3	2.21105	0	0 	 2.60163e-05	2.70041e-05	
12.4	2.19667	0	0 	 2.64865e-05	2.31076e-05	
12.5	2.18323	0	0 	 2.71862e-05	2.12523e-05	
12.6	2.1707	0	0 	 2.76832e-05	2.22769e-05	
12.7	2.15905	0	0 	 2.8518e-05	1.96777e-05	
12.8	2.14825	0	0 	 2.92008e-05	1.80742e-05	
12.9	2.13827	0	0 	 3.04012e-05	1.95407e-05	
13	2.12908	0	0 	 3.17391e-05	2.1407e-05	
13.1	2.12064	0	0 	 3.32558e-05	2.1682e-05	
13.2	2.1129	0	0 	 3.50241e-05	2.27996e-05	
13.3	2.10582	0	0 	 3.63997e-05	2.26081e-05	
13.4	2.09935	0	0 	 3.78867e-05	2.29737e-05	
13.5	2.09343	0	0 	 3.89113e-05	2.29407e-05	
13.6	2.08802	0	0 	 4.05094e-05	2.28192e-05	
13.7	2.08305	0	0 	 4.20006e-05	2.37155e-05	
13.8	2.07853	0.000106013	0 	 4.33534e-05	2.44209e-05	
13.9	2.07716	0.00324191	0 	 4.47016e-05	2.47058e-05	
14	2.07515	0.00277788	0 	 4.58998e-05	2.54322e-05	
14.1	2.07229	0.00190777	0 	 4.73227e-05	2.60163e-05	
14.2	2.07005	0.00250368	0 	 4.91366e-05	2.64865e-05	
14.3	2.06928	0.00414014	0 	 5.08448e-05	2.71862e-05	
14.4	2.07003	0.00605942	0 	 5.23457e-05	2.76832e-05	
14.5	2.0715	0.00728851	0 	 5.34456e-05	2.8518e-05	
14.6	2.07345	0.00827998	0 	 5.4119e-05	2.92008e-05	
14.7	2.07597	0.00935224	0 	 5.40992e-05	3.04012e-05	
14.8	2.07837	0.00970551	0 	 5.38174e-05	3.17391e-05	
14.9	2.08094	0.0102879	0 	 5.3684e-05	3.32558e-05	
15	2.08347	0.0106343	0 	 5.28686e-05	3.50241e-05	
15.1	2.08608	0.0110655	0 	 5.22669e-05	3.63997e-05	
15.2	2.08837	0.0110565	0 	 5.12713e-05	3.78867e-05	
15.3	2.09029	0.0109276	0 	 5.02471e-05	3.89113e-05	
15.4	2.09197	0.0108843	0 	 4.9164e-05	4.05094e-05	
15.5	2.09344	0.0108507	0 	 4.82368e-05	4.20006e-05	
15.6	2.09467	0.0107428	0 	 4.71783e-05	4.33534e-05	
15.7	2.09591	0.0108811	0 	 4.62946e-05	4.47016e-05	
15.8	2.09711	0.0109521	0 	 4.54101e-05	4.58998e-05	
15.9	2.09836	0.0111085	0 	 4.49454e-05	4.73227e-05	
16	2.09943	0.0110361	0 	 4.44976e-05	4.91366e-05	
16.1	2.10043	0.0110456	0 	 4.40108e-05	5.08448e-05	
16.2	2.10136	0.0110504	0 	 4.37655e-05	5.23457e-05	
16.3	2.10217	0.0110021	0 	 4.35566e-05	5.34456e-05	
16.4	2.10293	0.0110066	0 	 4.3142e-05	5.4119e-05	
16.5	2.10363	0.0109968	0 	 4.30413e-05	5.40992e-05	
16.6	2.10429	0.0109945	0 	 4.2927e-05	5.38174e-05	
16.7	2.10489	0.0109814	0 	 4.30115e-05	5.3684e-05	
16.8	2.10542	0.0109339	0 	 4.33064e-05	5.28686e-05	
16.9	2.10568	0.0106884	0 	 4.33354e-05	5.22669e-05	
17	2.10595	0.0106959	0 	 4.3095e-05	5.12713e-05	
17.1	2.10611	0.0105982	0 	 4.32529e-05	5.02471e-05	
17.2	2.10615	0.010455	0 	 4.3546e-05	4.9164e-05	
17.3	2.1061	0.0103505	0 	 4.4079e-05	4.82368e-05	
17.4	2.10602	0.0103036	0 	 4.39462e-05	4.71783e-05	
17.5	2.10587	0.0102051	0 	 4.41289e-05	4.62946e-05	
17.6	2.10566	0.0101161	0 	 4.47431e-05	4.54101e-05	
17.7	2.10544	0.0100742	0 	 4.50713e-05	4.49454e-05	
17.8	2.10527	0.010101	0 	 4.47205e-05	4.44976e-05	
17.9	2.10507	0.0100337	0 	 4.48397e-05	4.40108e-05	
18	2.1047	0.00983781	0 	 4.53529e-05	4.37655e-05	
18.1	2.10426	0.00972152	0 	 4.59402e-05	4.35566e-05	
18.2	2.10375	0.00960938	0 	 4.5903e-05	4.3142e-05	
18.3	2.10317	0.00948034	0 	 4.60719e-05	4.30413e-05	
18.4	2.1025	0.00932211	0 	 4.6011e-05	4.2927e-05	
18.5	2.10182	0.00926144	0 	 4.57648e-05	4.30115e-05	
18.6	2.1012	0.00926328	0 	 4.56011e-05	4.33064e-05	
18.7	2.1007	0.00932877	0 	 4.53036e-05	4.33354e-05	
18.8	2.10024	0.00933858	0 	 4.49226e-05	4.3095e-05	
18.9	2.09981	0.00933173	0 	 4.45067e-05	4.32529e-05	
19	2.09953	0.00946293	0 	 4.40915e-05	4.3546e-05	
19.1	2.09915	0.0093391	0 	 4.36305e-05	4.4079e-05	
19.2	2.09876	0.00930084	0 	 4.333e-05	4.39462e-05	
19.3	2.09836	0.0092657	0 	 4.30551e-05	4.41289e-05	
19.4	2.09817	0.0094658	0 	 4.27079e-05	4.47431e-05	
19.5	2.09817	0.009658	0 	 4.2625e-05	4.50713e-05	
19.6	2.09821	0.0097144	0 	 4.25945e-05	4.47205e-05	
19.7	2.09836	0.00985113	0 	 4.27402e-05	4.48397e-05	
19.8	2.09864	0.0100115	0 	 4.26144e-05	4.53529e-05	
19.9	2.09902	0.0101509	0 	 4.28674e-05	4.59402e-05	
20	2.09946	0.0102671	0 	 4.30939e-05	4.5903e-05	
20.1	2.09995	0.0103621	0 	 4.28841e-05	4.60719e-05	
20.2	2.10044	0.0104064	0 	 4.29902e-05	4.6011e-05	
20.3	2.10095	0.0104768	0 	 4.27272e-05	4.57648e-05	
20.4	2.10148	0.0105471	0 	 4.27456e-05	4.56011e-05	
20.5	2.10189	0.0104758	0 	 4.28125e-05	4.53036e-05	
20.6	2.1023	0.0105	0 	 4.26202e-05	4.49226e-05	
20.7	2.10257	0.0103908	0 	 4.26667e-05	4.45067e-05	
20.8	2.10279	0.0103596	0 	 4.23612e-05	4.40915e-05	
20.9	2.10297	0.0103312	0 	 4.21799e-05	4.36305e-05	
21	2.10307	0.0102509	0 	 4.23713e-05	4.333e-05	
21.1	2.10309	0.0101727	0 	 4.23811e-05	4.30551e-05	
21.2	2.10311	0.0101694	0 	 4.18772e-05	4.27079e-05	
21.3	2.10309	0.0101162	0 	 4.20306e-05	4.2625e-05	
21.4	2.10311	0.0101569	0 	 4.19036e-05	4.25945e-05	
21.5	2.10304	0.0100625	0 	 4.19141e-05	4.27402e-05	
21.6	2.10293	0.0100004	0 	 4.2267e-05	4.26144e-05	
21.7	2.10283	0.0100017	0 	 4.23395e-05	4.28674e-05	
21.8	2.10263	0.00988574	0 	 4.25013e-05	4.30939e-05	
21.9	2.10254	0.00997176	0 	 4.25173e-05	4.28841e-05	
22	2.10245	0.00996291	0 	 4.2707e-05	4.29902e-05	
22.1	2.10229	0.00988449	0 	 4.34521e-05	4.27272e-05	
22.2	2.10229	0.0100337	0 	 4.39564e-05	4.27456e-05	
22.3	2.10224	0.0099883	0 	 4.45569e-05	4.28125e-05	
22.4	2.10235	0.0101444	0 	 4.45046e-05	4.26202e-05	
22.5	2.10239	0.0100768	0 	 4.45509e-05	4.26667e-05	
22.6	2.10237	0.0100213	0 	 4.4813e-05	4.23612e-05	
22.7	2.10237	0.0100367	0 	 4.47746e-05	4.21799e-05	
22.8	2.10251	0.0101916	0 	 4.4727e-05	4.23713e-05	
22.9	2.10276	0.0103107	0 	 4.44543e-05	4.23811e-05	
23	2.10273	0.0100408	0 	 4.38952e-05	4.18772e-05	
23.1	2.10263	0.0099578	0 	 4.33556e-05	4.20306e-05	
23.2	2.10223	0.00962847	0 	 4.26792e-05	4.19036e-05	
23.3	2.10157	0.00932187	0 	 4.23291e-05	4.19141e-05	
23.4	2.10073	0.00907262	0 	 4.2178e-05	4.2267e-05	
23.5	2.09983	0.0089279	0 	 4.16745e-05	4.23395e-05	
23.6	2.09886	0.0087804	0 	 4.17175e-05	4.25013e-05	
23.7	2.09838	0.00920728	0 	 4.21232e-05	4.25173e-05	
23.8	2.09819	0.0094883	0 	 4.25701e-05	4.2707e-05	
23.9	2.09836	0.00985052	0 	 4.24431e-05	4.34521e-05	
24	2.09869	0.0100576	0 	 4.28867e-05	4.39564e-05	
24.1	2.09914	0.0102263	0 	 4.31202e-05	4.45569e-05	
24.2	2.09961	0.010295	0 	 4.36184e-05	4.45046e-05	
24.3	2.10015	0.0104229	0 	 4.42223e-05	4.45509e-05	
24.4	2.10067	0.0104609	0 	 4.43567e-05	4.4813e-05	
24.5	2.10119	0.0105095	0 	 4.46561e-05	4.47746e-05	
24.6	2.1017	0.0105426	0 	 4.45682e-05	4.4727e-05	
24.7	2.10216	0.010534	0 	 4.39521e-05	4.44543e-05	
24.8	2.10258	0.0105404	0 	 4.42308e-05	4.38952e-05	
24.9	2.10305	0.0106173	0 	 4.40277e-05	4.33556e-05	
25	2.10328	0.0104011	0 	 4.39718e-05	4.26792e-05	
0 	 0 	 0 	 0 	 0 	 4.23291e-05	
0 	 0 	 0 	 0 	 0 	 4.2178e-05	
0 	 0 	 0 	 0 	 0 	 4.16745e-05	
0 	 0 	 0 	 0 	 0 	 4.17175e-05	
0 	 0 	 0 	 0 	 0 	 4.21232e-05	
0 	 0 	 0 	 0 	 0 	 4.25701e-05	
0 	 0 	 0 	 0 	 0 	 4.24431e-05	
0 	 0 	 0 	 0 	 0 	 4.28867e-05	
0 	 0 	 0 	 0 	 0 	 4.31202e-05	
0 	 0 	 0 	 0 	 0 	 4.36184e-05	
0 	 0 	 0 	 0 	 0 	 4.42223e-05	
0 	 0 	 0 	 0 	 0 	 4.43567e-05	
0 	 0 	 0 	 0 	 0 	 4.46561e-05	
0 	 0 	 0 	 0 	 0 	 4.45682e-05	
0 	 0 	 0 	 0 	 0 	 4.39521e-05	
0 	 0 	 0 	 0 	 0 	 4.42308e-05	
0 	 0 	 0 	 0 	 0 	 4.40277e-05	
0 	 0 	 0 	 0 	 0 	 4.39718e-05	
