AgentState_t	AgentState_x0	AgentState_u0	AgentState_v0	Cost	Debug_Cost
0	0.492215	0	0 	 8.3088	7.71552	
0.1	0.488036	0	0 	 11.9385	11.9453	
0.2	0.485759	0	0 	 9.68914	10.0715	
0.3	0.485007	0	0 	 8.77727	8.93545	
0.4	0.485569	0	0 	 9.45774	8.20129	
0.5	0.487302	0	0 	 8.64374	8.20303	
0.6	0.490099	0	0 	 8.55646	8.21563	
0.7	0.493877	0	0 	 8.17344	8.23713	
0.8	0.498568	0	0 	 8.07763	8.3064	
0.9	0.504115	0	0 	 7.98518	8.3088	
1	0.510471	0	0 	 8.19038	8.32643	
1.1	0.517593	0	0 	 7.5721	8.45414	
1.2	0.525445	0	0 	 7.50221	8.61819	
1.3	0.533992	0	0 	 7.31224	9.05757	
1.4	0.543206	0	0 	 7.08126	9.64967	
1.5	0.55306	0	0 	 7.03279	10.3466	
1.6	0.56353	0	0 	 6.66909	11.1342	
1.7	0.574562	0	0 	 6.47798	11.7904	
1.8	0.586094	0	0 	 6.50129	11.9056	
1.9	0.598083	0	0 	 6.22892	11.9385	
2	0.610464	0	0 	 6.16469	11.6642	
2.1	0.623219	0	0 	 5.97326	11.8984	
2.2	0.636312	0	0 	 5.54948	11.2105	
2.3	0.649713	0	0 	 5.62277	10.9718	
2.4	0.663385	0	0 	 5.20692	10.7988	
2.5	0.677304	0	0 	 5.3048	9.93577	
2.6	0.691442	0	0 	 4.9748	9.99465	
2.7	0.70579	0	0 	 4.92179	10.2758	
2.8	0.720322	0	0 	 4.48526	9.89663	
2.9	0.735028	0	0 	 4.80415	9.68914	
3	0.749873	0	0 	 4.21998	8.9234	
3.1	0.764857	0	0 	 4.78229	8.73316	
3.2	0.77997	0	0 	 4.18776	8.56879	
3.3	0.795186	0	0 	 3.97218	8.5506	
3.4	0.810501	0	0 	 4.05686	8.50124	
3.5	0.825895	0	0 	 3.6177	8.45674	
3.6	0.841375	0	0 	 3.64839	8.5027	
3.7	0.856915	0	0 	 3.44012	8.4682	
3.8	0.872514	0	0 	 3.40665	8.57948	
3.9	0.888151	0	0 	 3.20932	8.77727	
4	0.903838	0	0 	 3.09128	8.88076	
4.1	0.919569	0	0 	 3.01139	8.89009	
4.2	0.93532	0	0 	 2.87959	8.91329	
4.3	0.951093	0	0 	 2.83204	8.8212	
4.4	0.966873	0	0 	 2.64259	9.1317	
4.5	0.982668	0	0 	 2.57626	9.21684	
4.6	0.998459	0	0 	 2.44566	9.28792	
4.7	1.01425	0	0 	 2.32219	9.4021	
4.8	1.03002	0	0 	 2.28549	9.45606	
4.9	1.04579	0	0 	 2.20442	9.45774	
5	1.06154	0	0 	 2.06522	9.20876	
5.1	1.07727	0	0 	 1.97431	9.18142	
5.2	1.09296	0	0 	 1.88586	9.15169	
5.3	1.10863	0	0 	 1.82826	9.03002	
5.4	1.12428	0	0 	 1.7686	8.85943	
5.5	1.13989	0	0 	 1.70344	8.80991	
5.6	1.15545	0	0 	 1.62799	8.61989	
5.7	1.17098	0	0 	 1.53845	8.73594	
5.8	1.18646	0	0 	 1.45788	8.6742	
5.9	1.20188	0	0 	 1.37755	8.64374	
6	1.21726	0	0 	 1.29744	8.37258	
6.1	1.23258	0	0 	 1.22114	8.33636	
6.2	1.24784	0	0 	 1.14671	8.27468	
6.3	1.26306	0	0 	 1.07297	8.26199	
6.4	1.27821	0	0 	 1.00696	8.36334	
6.5	1.29332	0	0 	 0.946252	8.54292	
6.6	1.30837	0	0 	 0.896623	8.54121	
6.7	1.32335	0	0 	 0.840593	8.68841	
6.8	1.33827	0	0 	 0.792477	8.439	
6.9	1.35313	0	0 	 0.741844	8.55646	
7	1.36792	0	0 	 0.698752	8.42899	
7.1	1.38265	0	0 	 0.657523	8.36884	
7.2	1.3973	0	0 	 0.618748	8.33805	
7.3	1.41189	0	0 	 0.58307	8.2856	
7.4	1.42641	0	0 	 0.545113	8.21478	
7.5	1.44086	0	0 	 0.513798	8.29642	
7.6	1.45523	0	0 	 0.478239	8.26405	
7.7	1.46953	0	0 	 0.443688	8.19081	
7.8	1.48376	0	0 	 0.410122	8.24084	
7.9	1.49791	0	0 	 0.380488	8.17344	
8	1.51198	0	0 	 0.351533	8.0658	
8.1	1.52597	0	0 	 0.327581	8.1257	
8.2	1.53988	0	0 	 0.304209	8.07803	
8.3	1.55372	0	0 	 0.281392	8.05299	
8.4	1.56748	0	0 	 0.258828	7.95016	
8.5	1.58116	0	0 	 0.238103	7.99731	
8.6	1.59477	0	0 	 0.218377	8.12724	
8.7	1.6083	0	0 	 0.203602	8.06541	
8.8	1.62175	0	0 	 0.188984	8.1404	
8.9	1.63513	0	0 	 0.174544	8.07763	
9	1.64842	0	0 	 0.159113	7.85474	
9.1	1.66162	0	0 	 0.144667	8.04561	
9.2	1.67475	0	0 	 0.130791	8.17327	
9.3	1.68779	0	0 	 0.11765	8.23016	
9.4	1.70075	0	0 	 0.105368	8.24351	
9.5	1.71364	0	0 	 0.0938708	8.11858	
9.6	1.72643	0	0 	 0.083516	8.05151	
9.7	1.73914	0	0 	 0.0748976	8.06463	
9.8	1.75174	0	0 	 0.0665908	8.05099	
9.9	1.76422	0	0 	 0.0589261	7.98518	
10	1.77655	0	0 	 0.0524805	7.84508	
10.1	1.78873	0	0 	 0.0464363	8.02889	
10.2	1.80072	0	0 	 0.0410285	7.996	
10.3	1.81253	0	0 	 0.0360533	8.1255	
10.4	1.82413	0	0 	 0.0316689	8.16983	
10.5	1.8355	0	0 	 0.0279805	8.19076	
10.6	1.84664	0	0 	 0.024879	8.17359	
10.7	1.85754	0	0 	 0.0219455	8.0743	
10.8	1.86817	0	0 	 0.0194259	8.17474	
10.9	1.87854	0	0 	 0.0172411	8.19038	
11	1.88862	0	0 	 0.0152297	7.87882	
11.1	1.8984	0	0 	 0.0136039	7.86221	
11.2	1.90789	0	0 	 0.0117852	7.83205	
11.3	1.91706	0	0 	 0.0105488	7.68712	
11.4	1.92591	0	0 	 0.00920665	7.6915	
11.5	1.93443	0	0 	 0.00817891	7.6724	
11.6	1.94262	0	0 	 0.0074062	7.55971	
11.7	1.95045	0	0 	 0.00688439	7.56436	
11.8	1.95794	0	0 	 0.00609346	7.51993	
11.9	1.96507	0	0 	 0.00565896	7.5721	
12	1.97183	0	0 	 0.00526805	7.43865	
12.1	1.97822	0	0 	 0.00509309	7.44696	
12.2	1.98424	0	0 	 0.00499528	7.39584	
12.3	1.98988	0	0 	 0.00483141	7.3163	
12.4	1.99513	0	0 	 0.0045163	7.24738	
12.5	2.00001	0	0 	 0.00418322	7.28479	
12.6	2.00449	0	0 	 0.00402704	7.27944	
12.7	2.00859	0	0 	 0.00361946	7.30719	
12.8	2.01231	0	0 	 0.00354823	7.42128	
12.9	2.01563	0	0 	 0.0035311	7.50221	
13	2.01858	0	0 	 0.00371913	7.35844	
13.1	2.02114	0	0 	 0.0040872	7.34029	
13.2	2.02334	0	0 	 0.00422451	7.28638	
13.3	2.02516	0	0 	 0.00402934	7.29134	
13.4	2.02663	0	0 	 0.00355699	7.2627	
13.5	2.02775	0	0 	 0.00337439	7.2865	
13.6	2.02853	0	0 	 0.00337378	7.327	
13.7	2.029	0	0 	 0.00318269	7.3149	
13.8	2.02916	0	0 	 0.00277605	7.31513	
13.9	2.02905	0	0 	 0.00250578	7.31224	
14	2.0287	0	0 	 0.00236175	7.16372	
14.1	2.0281	0	0 	 0.00225828	7.02577	
14.2	2.02727	0	0 	 0.00197315	7.10092	
14.3	2.02623	0	0 	 0.00180248	7.1383	
14.4	2.02499	0	0 	 0.00166986	7.1012	
14.5	2.02359	0	0 	 0.00156338	6.99516	
14.6	2.02203	0	0 	 0.00143852	7.03861	
14.7	2.02034	0	0 	 0.00131847	7.0623	
14.8	2.01861	0	0 	 0.00114016	7.05891	
14.9	2.01679	0	0 	 0.00103847	7.08126	
15	2.01489	0	0 	 0.000932856	6.81935	
15.1	2.0129	0	0 	 0.000864766	6.85103	
15.2	2.01092	0	0 	 0.000803382	6.83207	
15.3	2.00898	0	0 	 0.000748084	6.83864	
15.4	2.0071	0	0 	 0.000701778	6.86847	
15.5	2.00536	0	0 	 0.000662021	7.01879	
15.6	2.00377	0	0 	 0.000616354	7.00794	
15.7	2.00235	0	0 	 0.000571681	6.96313	
15.8	2.0011	0	0 	 0.000518018	6.99143	
15.9	2.00001	0	0 	 0.000478082	7.03279	
16	1.99908	0	0 	 0.000436845	6.82411	
16.1	1.99828	0	0 	 0.000404581	6.93333	
16.2	1.99761	0	0 	 0.000377442	6.95575	
16.3	1.99706	0	0 	 0.000352722	6.92017	
16.4	1.99662	0	0 	 0.000337639	6.91104	
16.5	1.99628	0	0 	 0.000326964	6.87367	
16.6	1.99603	0	0 	 0.000323719	6.94455	
16.7	1.99586	0	0 	 0.000317971	6.77786	
16.8	1.99577	0	0 	 0.000313487	6.71736	
16.9	1.99575	0	0 	 0.000304849	6.66909	
17	1.99579	0	0 	 0.000297825	6.4298	
17.1	1.99589	0	0 	 0.000286668	6.45731	
17.2	1.99603	0	0 	 0.00028546	6.51057	
17.3	1.99622	0	0 	 0.000274756	6.45941	
17.4	1.99643	0	0 	 0.000268082	6.48595	
17.5	1.99665	0	0 	 0.000269579	6.47783	
17.6	1.99689	0	0 	 0.00026453	6.59614	
17.7	1.99712	0	0 	 0.000260414	6.62294	
17.8	1.99735	0	0 	 0.000257778	6.62687	
17.9	1.99757	0	0 	 0.000252945	6.47798	
18	1.99777	0	0 	 0.000242967	6.28775	
18.1	1.99797	0	0 	 0.00024106	6.35676	
18.2	1.99815	0	0 	 0.000234515	6.37798	
18.3	1.99832	0	0 	 0.000232812	6.34812	
18.4	1.99846	0	0 	 0.000227144	6.41152	
18.5	1.9986	0	0 	 0.000223055	6.40275	
18.6	1.99872	0	0 	 0.000220008	6.41753	
18.7	1.99883	0	0 	 0.000212861	6.41993	
18.8	1.99894	0	0 	 0.00020954	6.48085	
18.9	1.99903	0	0 	 0.000200733	6.50129	
19	1.9991	0	0 	 0.000193584	6.296	
19.1	1.99916	0	0 	 0.000185786	6.31441	
19.2	1.99921	0	0 	 0.000183898	6.21934	
19.3	1.99924	0	0 	 0.000179019	6.17796	
19.4	1.99926	0	0 	 0.000175867	6.30443	
19.5	1.99927	0	0 	 0.000174602	6.28337	
19.6	1.99928	0	0 	 0.000174545	6.31631	
19.7	1.99929	0	0 	 0.000172003	6.35406	
19.8	1.9993	0	0 	 0.000171499	6.24336	
19.9	1.99932	0	0 	 0.000171582	6.22892	
20	1.99933	0	0 	 0.000172189	6.09868	
20.1	1.99936	0	0 	 0.000170464	6.10158	
20.2	1.99938	0	0 	 0.00017088	6.12292	
20.3	1.99941	0	0 	 0.000166743	6.18533	
20.4	1.99945	0	0 	 0.000163303	6.22211	
20.5	1.99948	0	0 	 0.00016211	6.21352	
20.6	1.99951	0	0 	 0.000160011	6.15557	
20.7	1.99954	0	0 	 0.000155512	6.12047	
20.8	1.99957	0	0 	 0.000154429	6.15078	
20.9	1.99959	0	0 	 0.000149748	6.16469	
21	1.9996	0	0 	 0.000146468	5.9756	
21.1	1.9996	0	0 	 0.00014181	6.07109	
21.2	1.99959	0	0 	 0.000139955	5.98539	
21.3	1.99958	0	0 	 0.000134855	6.03283	
21.4	1.99956	0	0 	 0.000132759	6.14653	
21.5	1.99953	0	0 	 0.00012984	6.03613	
21.6	1.99951	0	0 	 0.000127139	6.0424	
21.7	1.99948	0	0 	 0.000124779	6.02095	
21.8	1.99946	0	0 	 0.000122371	5.9926	
21.9	1.99943	0	0 	 0.00012239	5.97326	
22	1.99941	0	0 	 0.00012155	5.75271	
22.1	1.99938	0	0 	 0.000120152	5.74936	
22.2	1.99936	0	0 	 0.000118638	5.69117	
22.3	1.99935	0	0 	 0.0001153	5.63111	
22.4	1.99934	0	0 	 0.000112739	5.6224	
22.5	1.99933	0	0 	 0.000110084	5.61399	
22.6	1.99933	0	0 	 0.000108086	5.59444	
22.7	1.99933	0	0 	 0.000105965	5.6007	
22.8	1.99933	0	0 	 0.000103078	5.59667	
22.9	1.99934	0	0 	 0.000100395	5.54948	
23	1.99935	0	0 	 9.76236e-05	5.46085	
23.1	1.99937	0	0 	 9.38419e-05	5.57856	
23.2	1.99938	0	0 	 9.14606e-05	5.74599	
23.3	1.9994	0	0 	 8.82096e-05	5.8474	
23.4	1.99942	0	0 	 8.67091e-05	5.82398	
23.5	1.99943	0	0 	 8.40547e-05	5.68267	
23.6	1.99945	0	0 	 8.19126e-05	5.63049	
23.7	1.99946	0	0 	 8.03297e-05	5.59306	
23.8	1.99947	0	0 	 7.93713e-05	5.59269	
23.9	1.99948	0	0 	 7.70045e-05	5.62277	
24	1.99948	0	0 	 7.66302e-05	5.36123	
24.1	1.99948	0	0 	 7.6319e-05	5.32371	
24.2	1.99948	0	0 	 7.74171e-05	5.28875	
24.3	1.99948	0	0 	 7.92044e-05	5.22094	
24.4	1.99946	0	0 	 8.33754e-05	5.21859	
24.5	1.99944	0	0 	 8.67066e-05	5.23863	
24.6	1.99942	0	0 	 9.11117e-05	5.17088	
24.7	1.99939	0	0 	 9.3223e-05	5.15875	
24.8	1.99937	0	0 	 9.64626e-05	5.16801	
24.9	1.99934	0	0 	 9.99365e-05	5.20692	
25	1.99931	0	0 	 0.000100016	5.19341	
0 	 0 	 0 	 0 	 0 	 5.3608	
0 	 0 	 0 	 0 	 0 	 5.43175	
0 	 0 	 0 	 0 	 0 	 5.49199	
0 	 0 	 0 	 0 	 0 	 5.57917	
0 	 0 	 0 	 0 	 0 	 5.56697	
0 	 0 	 0 	 0 	 0 	 5.52404	
0 	 0 	 0 	 0 	 0 	 5.43666	
0 	 0 	 0 	 0 	 0 	 5.39647	
0 	 0 	 0 	 0 	 0 	 5.3048	
0 	 0 	 0 	 0 	 0 	 5.06873	
0 	 0 	 0 	 0 	 0 	 4.99648	
0 	 0 	 0 	 0 	 0 	 4.98268	
0 	 0 	 0 	 0 	 0 	 4.96102	
0 	 0 	 0 	 0 	 0 	 4.88757	
0 	 0 	 0 	 0 	 0 	 4.83978	
0 	 0 	 0 	 0 	 0 	 4.77373	
0 	 0 	 0 	 0 	 0 	 4.84602	
0 	 0 	 0 	 0 	 0 	 4.95281	
0 	 0 	 0 	 0 	 0 	 4.9748	
0 	 0 	 0 	 0 	 0 	 4.83348	
0 	 0 	 0 	 0 	 0 	 4.7893	
0 	 0 	 0 	 0 	 0 	 4.87401	
0 	 0 	 0 	 0 	 0 	 4.9607	
0 	 0 	 0 	 0 	 0 	 5.08387	
0 	 0 	 0 	 0 	 0 	 5.09653	
0 	 0 	 0 	 0 	 0 	 5.08287	
0 	 0 	 0 	 0 	 0 	 5.02537	
0 	 0 	 0 	 0 	 0 	 4.98596	
0 	 0 	 0 	 0 	 0 	 4.92179	
0 	 0 	 0 	 0 	 0 	 4.74816	
0 	 0 	 0 	 0 	 0 	 4.72548	
0 	 0 	 0 	 0 	 0 	 4.72785	
0 	 0 	 0 	 0 	 0 	 4.78262	
0 	 0 	 0 	 0 	 0 	 4.74605	
0 	 0 	 0 	 0 	 0 	 4.7109	
0 	 0 	 0 	 0 	 0 	 4.63846	
0 	 0 	 0 	 0 	 0 	 4.55877	
0 	 0 	 0 	 0 	 0 	 4.49855	
0 	 0 	 0 	 0 	 0 	 4.48526	
0 	 0 	 0 	 0 	 0 	 4.67832	
0 	 0 	 0 	 0 	 0 	 5.05157	
0 	 0 	 0 	 0 	 0 	 5.14507	
0 	 0 	 0 	 0 	 0 	 5.12365	
0 	 0 	 0 	 0 	 0 	 5.14376	
0 	 0 	 0 	 0 	 0 	 5.21479	
0 	 0 	 0 	 0 	 0 	 5.19752	
0 	 0 	 0 	 0 	 0 	 5.02614	
0 	 0 	 0 	 0 	 0 	 4.94645	
0 	 0 	 0 	 0 	 0 	 4.80415	
0 	 0 	 0 	 0 	 0 	 4.50332	
0 	 0 	 0 	 0 	 0 	 4.35681	
0 	 0 	 0 	 0 	 0 	 4.29148	
0 	 0 	 0 	 0 	 0 	 4.33091	
0 	 0 	 0 	 0 	 0 	 4.30744	
0 	 0 	 0 	 0 	 0 	 4.31736	
0 	 0 	 0 	 0 	 0 	 4.35731	
0 	 0 	 0 	 0 	 0 	 4.3	
0 	 0 	 0 	 0 	 0 	 4.23628	
0 	 0 	 0 	 0 	 0 	 4.21998	
0 	 0 	 0 	 0 	 0 	 4.08832	
0 	 0 	 0 	 0 	 0 	 4.11673	
0 	 0 	 0 	 0 	 0 	 4.28425	
0 	 0 	 0 	 0 	 0 	 4.28839	
0 	 0 	 0 	 0 	 0 	 4.26029	
0 	 0 	 0 	 0 	 0 	 4.26535	
0 	 0 	 0 	 0 	 0 	 4.24688	
0 	 0 	 0 	 0 	 0 	 4.52378	
0 	 0 	 0 	 0 	 0 	 4.60755	
0 	 0 	 0 	 0 	 0 	 4.78229	
0 	 0 	 0 	 0 	 0 	 4.7081	
0 	 0 	 0 	 0 	 0 	 4.6907	
0 	 0 	 0 	 0 	 0 	 4.78661	
0 	 0 	 0 	 0 	 0 	 4.57738	
0 	 0 	 0 	 0 	 0 	 4.4515	
0 	 0 	 0 	 0 	 0 	 4.34405	
0 	 0 	 0 	 0 	 0 	 4.32495	
0 	 0 	 0 	 0 	 0 	 4.26867	
0 	 0 	 0 	 0 	 0 	 4.17815	
0 	 0 	 0 	 0 	 0 	 4.18776	
0 	 0 	 0 	 0 	 0 	 3.9974	
0 	 0 	 0 	 0 	 0 	 3.99634	
0 	 0 	 0 	 0 	 0 	 3.8751	
0 	 0 	 0 	 0 	 0 	 3.78058	
0 	 0 	 0 	 0 	 0 	 3.71655	
0 	 0 	 0 	 0 	 0 	 3.69441	
0 	 0 	 0 	 0 	 0 	 3.698	
0 	 0 	 0 	 0 	 0 	 3.79535	
0 	 0 	 0 	 0 	 0 	 3.90031	
0 	 0 	 0 	 0 	 0 	 3.97218	
0 	 0 	 0 	 0 	 0 	 3.83212	
0 	 0 	 0 	 0 	 0 	 3.88739	
0 	 0 	 0 	 0 	 0 	 4.02554	
0 	 0 	 0 	 0 	 0 	 4.05282	
0 	 0 	 0 	 0 	 0 	 4.10293	
0 	 0 	 0 	 0 	 0 	 4.0416	
0 	 0 	 0 	 0 	 0 	 3.96058	
0 	 0 	 0 	 0 	 0 	 4.02339	
0 	 0 	 0 	 0 	 0 	 4.12312	
0 	 0 	 0 	 0 	 0 	 4.05686	
0 	 0 	 0 	 0 	 0 	 3.89756	
0 	 0 	 0 	 0 	 0 	 3.91582	
0 	 0 	 0 	 0 	 0 	 3.87997	
0 	 0 	 0 	 0 	 0 	 3.84398	
0 	 0 	 0 	 0 	 0 	 3.80881	
0 	 0 	 0 	 0 	 0 	 3.79172	
0 	 0 	 0 	 0 	 0 	 3.71702	
0 	 0 	 0 	 0 	 0 	 3.68185	
0 	 0 	 0 	 0 	 0 	 3.64578	
0 	 0 	 0 	 0 	 0 	 3.6177	
0 	 0 	 0 	 0 	 0 	 3.48349	
0 	 0 	 0 	 0 	 0 	 3.45873	
0 	 0 	 0 	 0 	 0 	 3.4839	
0 	 0 	 0 	 0 	 0 	 3.49918	
0 	 0 	 0 	 0 	 0 	 3.48543	
0 	 0 	 0 	 0 	 0 	 3.55339	
0 	 0 	 0 	 0 	 0 	 3.58459	
0 	 0 	 0 	 0 	 0 	 3.56207	
0 	 0 	 0 	 0 	 0 	 3.61064	
0 	 0 	 0 	 0 	 0 	 3.64839	
0 	 0 	 0 	 0 	 0 	 3.48584	
0 	 0 	 0 	 0 	 0 	 3.44541	
0 	 0 	 0 	 0 	 0 	 3.45066	
0 	 0 	 0 	 0 	 0 	 3.45184	
0 	 0 	 0 	 0 	 0 	 3.44547	
0 	 0 	 0 	 0 	 0 	 3.40731	
0 	 0 	 0 	 0 	 0 	 3.43193	
0 	 0 	 0 	 0 	 0 	 3.40355	
0 	 0 	 0 	 0 	 0 	 3.44448	
0 	 0 	 0 	 0 	 0 	 3.44012	
0 	 0 	 0 	 0 	 0 	 3.28617	
0 	 0 	 0 	 0 	 0 	 3.28218	
0 	 0 	 0 	 0 	 0 	 3.29569	
0 	 0 	 0 	 0 	 0 	 3.32879	
0 	 0 	 0 	 0 	 0 	 3.33619	
0 	 0 	 0 	 0 	 0 	 3.30086	
0 	 0 	 0 	 0 	 0 	 3.34762	
0 	 0 	 0 	 0 	 0 	 3.38142	
0 	 0 	 0 	 0 	 0 	 3.41354	
0 	 0 	 0 	 0 	 0 	 3.40665	
0 	 0 	 0 	 0 	 0 	 3.24721	
0 	 0 	 0 	 0 	 0 	 3.23881	
0 	 0 	 0 	 0 	 0 	 3.20369	
0 	 0 	 0 	 0 	 0 	 3.19174	
0 	 0 	 0 	 0 	 0 	 3.13707	
0 	 0 	 0 	 0 	 0 	 3.21815	
0 	 0 	 0 	 0 	 0 	 3.22475	
0 	 0 	 0 	 0 	 0 	 3.22504	
0 	 0 	 0 	 0 	 0 	 3.16941	
0 	 0 	 0 	 0 	 0 	 3.20932	
0 	 0 	 0 	 0 	 0 	 3.11118	
0 	 0 	 0 	 0 	 0 	 3.10703	
0 	 0 	 0 	 0 	 0 	 3.05241	
0 	 0 	 0 	 0 	 0 	 3.07537	
0 	 0 	 0 	 0 	 0 	 3.10672	
0 	 0 	 0 	 0 	 0 	 3.0796	
0 	 0 	 0 	 0 	 0 	 3.07829	
0 	 0 	 0 	 0 	 0 	 3.05753	
0 	 0 	 0 	 0 	 0 	 3.06675	
0 	 0 	 0 	 0 	 0 	 3.09128	
0 	 0 	 0 	 0 	 0 	 3.01908	
0 	 0 	 0 	 0 	 0 	 3.05241	
0 	 0 	 0 	 0 	 0 	 3.0568	
0 	 0 	 0 	 0 	 0 	 3.08896	
0 	 0 	 0 	 0 	 0 	 3.07385	
0 	 0 	 0 	 0 	 0 	 3.03656	
0 	 0 	 0 	 0 	 0 	 3.02795	
0 	 0 	 0 	 0 	 0 	 3.04394	
0 	 0 	 0 	 0 	 0 	 3.047	
0 	 0 	 0 	 0 	 0 	 3.01139	
0 	 0 	 0 	 0 	 0 	 2.92801	
0 	 0 	 0 	 0 	 0 	 2.93754	
0 	 0 	 0 	 0 	 0 	 2.89753	
0 	 0 	 0 	 0 	 0 	 2.89559	
0 	 0 	 0 	 0 	 0 	 2.86506	
0 	 0 	 0 	 0 	 0 	 2.87662	
0 	 0 	 0 	 0 	 0 	 2.88768	
0 	 0 	 0 	 0 	 0 	 2.88665	
0 	 0 	 0 	 0 	 0 	 2.91154	
0 	 0 	 0 	 0 	 0 	 2.87959	
0 	 0 	 0 	 0 	 0 	 2.74295	
0 	 0 	 0 	 0 	 0 	 2.75401	
0 	 0 	 0 	 0 	 0 	 2.69461	
0 	 0 	 0 	 0 	 0 	 2.76185	
0 	 0 	 0 	 0 	 0 	 2.81661	
0 	 0 	 0 	 0 	 0 	 2.83872	
0 	 0 	 0 	 0 	 0 	 2.90323	
0 	 0 	 0 	 0 	 0 	 2.87903	
0 	 0 	 0 	 0 	 0 	 2.87749	
0 	 0 	 0 	 0 	 0 	 2.83204	
0 	 0 	 0 	 0 	 0 	 2.68545	
0 	 0 	 0 	 0 	 0 	 2.65591	
0 	 0 	 0 	 0 	 0 	 2.65138	
0 	 0 	 0 	 0 	 0 	 2.65982	
0 	 0 	 0 	 0 	 0 	 2.64711	
0 	 0 	 0 	 0 	 0 	 2.64259	
0 	 0 	 0 	 0 	 0 	 2.54856	
0 	 0 	 0 	 0 	 0 	 2.53215	
0 	 0 	 0 	 0 	 0 	 2.50874	
0 	 0 	 0 	 0 	 0 	 2.532	
0 	 0 	 0 	 0 	 0 	 2.50671	
0 	 0 	 0 	 0 	 0 	 2.52208	
0 	 0 	 0 	 0 	 0 	 2.52677	
0 	 0 	 0 	 0 	 0 	 2.54402	
0 	 0 	 0 	 0 	 0 	 2.57437	
0 	 0 	 0 	 0 	 0 	 2.57626	
0 	 0 	 0 	 0 	 0 	 2.49343	
0 	 0 	 0 	 0 	 0 	 2.47557	
0 	 0 	 0 	 0 	 0 	 2.48261	
0 	 0 	 0 	 0 	 0 	 2.4948	
0 	 0 	 0 	 0 	 0 	 2.494	
0 	 0 	 0 	 0 	 0 	 2.48536	
0 	 0 	 0 	 0 	 0 	 2.51611	
0 	 0 	 0 	 0 	 0 	 2.50376	
0 	 0 	 0 	 0 	 0 	 2.47256	
0 	 0 	 0 	 0 	 0 	 2.44566	
0 	 0 	 0 	 0 	 0 	 2.32232	
0 	 0 	 0 	 0 	 0 	 2.32113	
0 	 0 	 0 	 0 	 0 	 2.3294	
0 	 0 	 0 	 0 	 0 	 2.32271	
0 	 0 	 0 	 0 	 0 	 2.3163	
0 	 0 	 0 	 0 	 0 	 2.33957	
0 	 0 	 0 	 0 	 0 	 2.33209	
0 	 0 	 0 	 0 	 0 	 2.3239	
0 	 0 	 0 	 0 	 0 	 2.31927	
0 	 0 	 0 	 0 	 0 	 2.32219	
0 	 0 	 0 	 0 	 0 	 2.25819	
0 	 0 	 0 	 0 	 0 	 2.24941	
0 	 0 	 0 	 0 	 0 	 2.25533	
0 	 0 	 0 	 0 	 0 	 2.25936	
0 	 0 	 0 	 0 	 0 	 2.28268	
0 	 0 	 0 	 0 	 0 	 2.29822	
0 	 0 	 0 	 0 	 0 	 2.27873	
0 	 0 	 0 	 0 	 0 	 2.27087	
0 	 0 	 0 	 0 	 0 	 2.28931	
0 	 0 	 0 	 0 	 0 	 2.28549	
0 	 0 	 0 	 0 	 0 	 2.16185	
0 	 0 	 0 	 0 	 0 	 2.143	
0 	 0 	 0 	 0 	 0 	 2.13373	
0 	 0 	 0 	 0 	 0 	 2.12973	
0 	 0 	 0 	 0 	 0 	 2.11479	
0 	 0 	 0 	 0 	 0 	 2.13841	
0 	 0 	 0 	 0 	 0 	 2.16654	
0 	 0 	 0 	 0 	 0 	 2.20442	
0 	 0 	 0 	 0 	 0 	 2.11761	
0 	 0 	 0 	 0 	 0 	 2.10703	
0 	 0 	 0 	 0 	 0 	 2.05416	
0 	 0 	 0 	 0 	 0 	 2.05864	
0 	 0 	 0 	 0 	 0 	 2.05361	
0 	 0 	 0 	 0 	 0 	 2.06522	
0 	 0 	 0 	 0 	 0 	 1.97431	
0 	 0 	 0 	 0 	 0 	 1.87977	
0 	 0 	 0 	 0 	 0 	 1.88586	
0 	 0 	 0 	 0 	 0 	 1.82826	
0 	 0 	 0 	 0 	 0 	 1.7686	
0 	 0 	 0 	 0 	 0 	 1.70344	
0 	 0 	 0 	 0 	 0 	 1.62799	
0 	 0 	 0 	 0 	 0 	 1.53845	
0 	 0 	 0 	 0 	 0 	 1.45788	
0 	 0 	 0 	 0 	 0 	 1.37755	
0 	 0 	 0 	 0 	 0 	 1.29744	
0 	 0 	 0 	 0 	 0 	 1.22114	
0 	 0 	 0 	 0 	 0 	 1.14671	
0 	 0 	 0 	 0 	 0 	 1.07297	
0 	 0 	 0 	 0 	 0 	 1.00696	
0 	 0 	 0 	 0 	 0 	 0.946252	
0 	 0 	 0 	 0 	 0 	 0.896623	
0 	 0 	 0 	 0 	 0 	 0.840593	
0 	 0 	 0 	 0 	 0 	 0.792477	
0 	 0 	 0 	 0 	 0 	 0.741844	
0 	 0 	 0 	 0 	 0 	 0.698752	
0 	 0 	 0 	 0 	 0 	 0.657523	
0 	 0 	 0 	 0 	 0 	 0.618748	
0 	 0 	 0 	 0 	 0 	 0.58307	
0 	 0 	 0 	 0 	 0 	 0.545113	
0 	 0 	 0 	 0 	 0 	 0.513798	
0 	 0 	 0 	 0 	 0 	 0.478239	
0 	 0 	 0 	 0 	 0 	 0.443688	
0 	 0 	 0 	 0 	 0 	 0.410122	
0 	 0 	 0 	 0 	 0 	 0.380488	
0 	 0 	 0 	 0 	 0 	 0.351533	
0 	 0 	 0 	 0 	 0 	 0.327581	
0 	 0 	 0 	 0 	 0 	 0.304209	
0 	 0 	 0 	 0 	 0 	 0.281392	
0 	 0 	 0 	 0 	 0 	 0.258828	
0 	 0 	 0 	 0 	 0 	 0.238103	
0 	 0 	 0 	 0 	 0 	 0.218377	
0 	 0 	 0 	 0 	 0 	 0.203602	
0 	 0 	 0 	 0 	 0 	 0.188984	
0 	 0 	 0 	 0 	 0 	 0.174544	
0 	 0 	 0 	 0 	 0 	 0.159113	
0 	 0 	 0 	 0 	 0 	 0.144667	
0 	 0 	 0 	 0 	 0 	 0.130791	
0 	 0 	 0 	 0 	 0 	 0.11765	
0 	 0 	 0 	 0 	 0 	 0.105368	
0 	 0 	 0 	 0 	 0 	 0.0938708	
0 	 0 	 0 	 0 	 0 	 0.083516	
0 	 0 	 0 	 0 	 0 	 0.0748976	
0 	 0 	 0 	 0 	 0 	 0.0665908	
0 	 0 	 0 	 0 	 0 	 0.0589261	
0 	 0 	 0 	 0 	 0 	 0.0524805	
0 	 0 	 0 	 0 	 0 	 0.0464363	
0 	 0 	 0 	 0 	 0 	 0.0410285	
0 	 0 	 0 	 0 	 0 	 0.0360533	
0 	 0 	 0 	 0 	 0 	 0.0316689	
0 	 0 	 0 	 0 	 0 	 0.0279805	
0 	 0 	 0 	 0 	 0 	 0.024879	
0 	 0 	 0 	 0 	 0 	 0.0219455	
0 	 0 	 0 	 0 	 0 	 0.0194259	
0 	 0 	 0 	 0 	 0 	 0.0172411	
0 	 0 	 0 	 0 	 0 	 0.0152297	
0 	 0 	 0 	 0 	 0 	 0.0136039	
0 	 0 	 0 	 0 	 0 	 0.0117852	
0 	 0 	 0 	 0 	 0 	 0.0105488	
0 	 0 	 0 	 0 	 0 	 0.00920665	
0 	 0 	 0 	 0 	 0 	 0.00817891	
0 	 0 	 0 	 0 	 0 	 0.0074062	
0 	 0 	 0 	 0 	 0 	 0.00688439	
0 	 0 	 0 	 0 	 0 	 0.00609346	
0 	 0 	 0 	 0 	 0 	 0.00565896	
0 	 0 	 0 	 0 	 0 	 0.00526805	
0 	 0 	 0 	 0 	 0 	 0.00509309	
0 	 0 	 0 	 0 	 0 	 0.00499528	
0 	 0 	 0 	 0 	 0 	 0.00483141	
0 	 0 	 0 	 0 	 0 	 0.0045163	
0 	 0 	 0 	 0 	 0 	 0.00418322	
0 	 0 	 0 	 0 	 0 	 0.00402704	
0 	 0 	 0 	 0 	 0 	 0.00361946	
0 	 0 	 0 	 0 	 0 	 0.00354823	
0 	 0 	 0 	 0 	 0 	 0.0035311	
0 	 0 	 0 	 0 	 0 	 0.00371913	
0 	 0 	 0 	 0 	 0 	 0.0040872	
0 	 0 	 0 	 0 	 0 	 0.00422451	
0 	 0 	 0 	 0 	 0 	 0.00402934	
0 	 0 	 0 	 0 	 0 	 0.00355699	
0 	 0 	 0 	 0 	 0 	 0.00337439	
0 	 0 	 0 	 0 	 0 	 0.00337378	
0 	 0 	 0 	 0 	 0 	 0.00318269	
0 	 0 	 0 	 0 	 0 	 0.00277605	
0 	 0 	 0 	 0 	 0 	 0.00250578	
0 	 0 	 0 	 0 	 0 	 0.00236175	
0 	 0 	 0 	 0 	 0 	 0.00225828	
0 	 0 	 0 	 0 	 0 	 0.00197315	
0 	 0 	 0 	 0 	 0 	 0.00180248	
0 	 0 	 0 	 0 	 0 	 0.00166986	
0 	 0 	 0 	 0 	 0 	 0.00156338	
0 	 0 	 0 	 0 	 0 	 0.00143852	
0 	 0 	 0 	 0 	 0 	 0.00131847	
0 	 0 	 0 	 0 	 0 	 0.00114016	
0 	 0 	 0 	 0 	 0 	 0.00103847	
0 	 0 	 0 	 0 	 0 	 0.000932856	
0 	 0 	 0 	 0 	 0 	 0.000864766	
0 	 0 	 0 	 0 	 0 	 0.000803382	
0 	 0 	 0 	 0 	 0 	 0.000748084	
0 	 0 	 0 	 0 	 0 	 0.000701778	
0 	 0 	 0 	 0 	 0 	 0.000662021	
0 	 0 	 0 	 0 	 0 	 0.000616354	
0 	 0 	 0 	 0 	 0 	 0.000571681	
0 	 0 	 0 	 0 	 0 	 0.000518018	
0 	 0 	 0 	 0 	 0 	 0.000478082	
0 	 0 	 0 	 0 	 0 	 0.000436845	
0 	 0 	 0 	 0 	 0 	 0.000404581	
0 	 0 	 0 	 0 	 0 	 0.000377442	
0 	 0 	 0 	 0 	 0 	 0.000352722	
0 	 0 	 0 	 0 	 0 	 0.000337639	
0 	 0 	 0 	 0 	 0 	 0.000326964	
0 	 0 	 0 	 0 	 0 	 0.000323719	
0 	 0 	 0 	 0 	 0 	 0.000317971	
0 	 0 	 0 	 0 	 0 	 0.000313487	
0 	 0 	 0 	 0 	 0 	 0.000304849	
0 	 0 	 0 	 0 	 0 	 0.000297825	
0 	 0 	 0 	 0 	 0 	 0.000286668	
0 	 0 	 0 	 0 	 0 	 0.00028546	
0 	 0 	 0 	 0 	 0 	 0.000274756	
0 	 0 	 0 	 0 	 0 	 0.000268082	
0 	 0 	 0 	 0 	 0 	 0.000269579	
0 	 0 	 0 	 0 	 0 	 0.00026453	
0 	 0 	 0 	 0 	 0 	 0.000260414	
0 	 0 	 0 	 0 	 0 	 0.000257778	
0 	 0 	 0 	 0 	 0 	 0.000252945	
0 	 0 	 0 	 0 	 0 	 0.000242967	
0 	 0 	 0 	 0 	 0 	 0.00024106	
0 	 0 	 0 	 0 	 0 	 0.000234515	
0 	 0 	 0 	 0 	 0 	 0.000232812	
0 	 0 	 0 	 0 	 0 	 0.000227144	
0 	 0 	 0 	 0 	 0 	 0.000223055	
0 	 0 	 0 	 0 	 0 	 0.000220008	
0 	 0 	 0 	 0 	 0 	 0.000212861	
0 	 0 	 0 	 0 	 0 	 0.00020954	
0 	 0 	 0 	 0 	 0 	 0.000200733	
0 	 0 	 0 	 0 	 0 	 0.000193584	
0 	 0 	 0 	 0 	 0 	 0.000185786	
0 	 0 	 0 	 0 	 0 	 0.000183898	
0 	 0 	 0 	 0 	 0 	 0.000179019	
0 	 0 	 0 	 0 	 0 	 0.000175867	
0 	 0 	 0 	 0 	 0 	 0.000174602	
0 	 0 	 0 	 0 	 0 	 0.000174545	
0 	 0 	 0 	 0 	 0 	 0.000172003	
0 	 0 	 0 	 0 	 0 	 0.000171499	
0 	 0 	 0 	 0 	 0 	 0.000171582	
0 	 0 	 0 	 0 	 0 	 0.000172189	
0 	 0 	 0 	 0 	 0 	 0.000170464	
0 	 0 	 0 	 0 	 0 	 0.00017088	
0 	 0 	 0 	 0 	 0 	 0.000166743	
0 	 0 	 0 	 0 	 0 	 0.000163303	
0 	 0 	 0 	 0 	 0 	 0.00016211	
0 	 0 	 0 	 0 	 0 	 0.000160011	
0 	 0 	 0 	 0 	 0 	 0.000155512	
0 	 0 	 0 	 0 	 0 	 0.000154429	
0 	 0 	 0 	 0 	 0 	 0.000149748	
0 	 0 	 0 	 0 	 0 	 0.000146468	
0 	 0 	 0 	 0 	 0 	 0.00014181	
0 	 0 	 0 	 0 	 0 	 0.000139955	
0 	 0 	 0 	 0 	 0 	 0.000134855	
0 	 0 	 0 	 0 	 0 	 0.000132759	
0 	 0 	 0 	 0 	 0 	 0.00012984	
0 	 0 	 0 	 0 	 0 	 0.000127139	
0 	 0 	 0 	 0 	 0 	 0.000124779	
0 	 0 	 0 	 0 	 0 	 0.000122371	
0 	 0 	 0 	 0 	 0 	 0.00012239	
0 	 0 	 0 	 0 	 0 	 0.00012155	
0 	 0 	 0 	 0 	 0 	 0.000120152	
0 	 0 	 0 	 0 	 0 	 0.000118638	
0 	 0 	 0 	 0 	 0 	 0.0001153	
0 	 0 	 0 	 0 	 0 	 0.000112739	
0 	 0 	 0 	 0 	 0 	 0.000110084	
0 	 0 	 0 	 0 	 0 	 0.000108086	
0 	 0 	 0 	 0 	 0 	 0.000105965	
0 	 0 	 0 	 0 	 0 	 0.000103078	
0 	 0 	 0 	 0 	 0 	 0.000100395	
0 	 0 	 0 	 0 	 0 	 9.76236e-05	
0 	 0 	 0 	 0 	 0 	 9.38419e-05	
0 	 0 	 0 	 0 	 0 	 9.14606e-05	
0 	 0 	 0 	 0 	 0 	 8.82096e-05	
0 	 0 	 0 	 0 	 0 	 8.67091e-05	
0 	 0 	 0 	 0 	 0 	 8.40547e-05	
0 	 0 	 0 	 0 	 0 	 8.19126e-05	
0 	 0 	 0 	 0 	 0 	 8.03297e-05	
0 	 0 	 0 	 0 	 0 	 7.93713e-05	
0 	 0 	 0 	 0 	 0 	 7.70045e-05	
0 	 0 	 0 	 0 	 0 	 7.66302e-05	
0 	 0 	 0 	 0 	 0 	 7.6319e-05	
0 	 0 	 0 	 0 	 0 	 7.74171e-05	
0 	 0 	 0 	 0 	 0 	 7.92044e-05	
0 	 0 	 0 	 0 	 0 	 8.33754e-05	
0 	 0 	 0 	 0 	 0 	 8.67066e-05	
0 	 0 	 0 	 0 	 0 	 9.11117e-05	
0 	 0 	 0 	 0 	 0 	 9.3223e-05	
0 	 0 	 0 	 0 	 0 	 9.64626e-05	
0 	 0 	 0 	 0 	 0 	 9.99365e-05	
0 	 0 	 0 	 0 	 0 	 0.000100016	
